10101111100000101001011001001011
00010001000010010001111011100010
10000000000101010101011110110000
00010010011100010010001110001000
10011001001111100010101101110011
10000001111101011111111010100011
01001000100101100100110111100001
00100000001000111111000000100111
00000011001110010101001111011110
10010000001111011111100001010011
00110110000000001001100100010011
00100001001110110111000010110101
11001111001000100100011101001100
01000100100011000100000010110110
00010111110010011110000001001110
00011011110111001010111010010110
01100100100001100101110110010011
10010011111000111000010101000001
00010011000100001111010010001010
10000100111000001110110011001111
01101001011001010111011101000011
00001110100100010000000101101110
00100100111010000011000100101100
11000011011100101111101000000001
00001110101110011100010101111110
00011001001101000001101001011110
00110000001100110000000011000001
10001000001100100000000101110001
11101011001010010001110101011010
01000011101100001001001001100001
10000000110001100100000101000000
11001110000001101001000011000101
01111111110001010010101010000110
01101000110111010100111000110011
00101010110110010110100111110011
00001110010000001111011000010000
11110000010111110100011010111100
00000001100110111110001110110101
00110011011111011000011110000110
01111001011001000000010011011100
10110101000000010100010101001101
00011101011000001011100000110010
01001000011000110001111111111001
00001000100110000101010000011110
10011000010010010101010100001010
10000100011011111111011010001101
10010000000111011001011111101001
11100110110110101100110000100010
10010111010101000111100110111001
11001100000000101000000010101110
11010100110010000011010101101111
00100100011100000010011010000001
01010001010010100101110110000010
00011001100101001000101101010000
00001100101100111010000111001010
11110100101000000000111010011101
00110101110000001001000110001111
11100000010000100000000101011000
00110110001001010000111000001010
00110110010000000010100101111100
10001000001001010011101110001010
11100011101001100001011101101100
10101010111110011000101101010111
10011110011100000001000101101110
10001101001101110101100011101011
00001100101000100010000100001101
10001000000000001000100010110100
01101000101110000000111110000110
11101011111001100011110000011000
01110000000011101111001000001101
10101101110010111100100001011010
11100100000010100000110110110000
11001110010001100100000001101001
01000000111100101000010000011010
11010001011100001010010011010000
01001011101110000100100000000000
10111110100100000100011000111111
01000001111001011011011110100000
10000101101100101011010010100110
10001001101011000110111000110011
10100111000001101000001010110101
00001000110000111101001000010110
11100000101000011111010000000010
00010000110111001010000000110101
10011000000010101011100010000001
10001111101101011000010101110101
00010110000100010100001000101110
01111100100111100001110000010000
01001010101010001100000111010000
00000100110100111000000010100100
00110111101010100001011001011010
01010101000110001100100101000110
00110100111001011000110111010001
10101101101010011100111000000100
10000001000010001000000010111110
01001001001000011111111011010001
00111101001000011011110110110011
10000100110000010010101100010000
10000000100010110100011001011001
00101111001011001101111010101010
01110111010000001000011111000111
00100001000010010111001010011001
00100100111000000001000001111001
10001011010111110101100010100001
01001011010101001100001001000101
11001010011010011011110001011110
00110010001010000001000001101101
00110001001000111010111011101111
00000011010011101100010110010010
10101111111001011101111000101100
00101100011001110110100100110010
10110001000110000111110001010001
00000101111110001001000010000111
10011110100111100001111101010001
11101111100010010000010101100100
00100010110100111101011001011010
01101101011110101100011001100010
00110010001111101100110011010101
10110010111001001111001000000100
10001011100010100001100001101010
11000010010010000000000101110010
11000000010001000000010010010100
10100011000100001101110010110010
10010100101011100101011100011100
01101011100011110010010110000000
00111000111110110101111100111001
00100111111010001010111111001000
00011111001110011100001101100000
00110000111101010100011000100100
11101101100010101111011001100010
01000000111001100000001101000110
11101110000001111110000001101000
00110010010101110000010101010001
10001000111001011110110100110101
10011011000110010001110111110001
11111000111110000111001000111101
10000101001011100110110110010111
00101011100101101011100001010011
00000000000111100001011110110010
10100011000010011000010010000001
00100011101111100011111111101101
11001100101111110101111011101010
00000101111011111011010011010110
11010011100101000000001111100111
01001010010001100110101100000110
11001110110101101010000110001101
10110001111111110101010011101010
00010010110100101000010110111010
00111000000001110100101101001111
01110001100000001101110001010110
00001001101110100100110010111110
00101000000100011001001011001100
00000000000111110100000100011010
10010100101110001111000111010111
10000000001100101000010010000001
01110001101001101100001101011111
11010010000100011000010011111001
11111101000100010110000011010010
00001100101111010001110001000000
11010001000001111100110111000000
11111100010001011010100111111010
11010000000101000100010011111111
01100100010011110110100101111111
11010110000000101101110001000101
10110111000011010001111000010010
11110110001110011011011101111000
01000001000100011110100010001011
11001100111101110001101001000110
01111001001100100011010011000100
01000110110000010111111101001111
10011110011100000001110001000110
11001001110001101000001011101000
11101111110011010000100011001101
00001011010011001101100001010110
00000101001011001100011110011010
00000101000011101100010111110011
01001001101000001000101001000000
00110110110110011100101000001111
00010111101111000110000111101000
01011101101011000100001001001010
10011001010100011001000001001100
11000010000101011011011100101010
00001101111010100111111100010010
01011010010100000100000110010111
10011101010111100000000010110001
01011001010000000101100111011100
01000101001100001110001010000001
00010100101111111000111111100001
00110010000111101101100001110110
01110010010111001111111011001100
10010110100101010100001010101001
01011011000001101011001100100001
11010000100011110000101110100000
11110100011000110010110111101111
11000001010010001000000100111001
01111000001110111001011000000000
00111001010111001001100000110110
01000000010110001100111001110000
11000011100110100110010000101011
11111110001101011010111111001100
10011110111100100111101000100001
01110111011011001010010000011100
10000111110100000111110111110100
11011011000011001011000010111101
01111110011001100100001000010000
11111111000101000100000010010100
11011111000000100111000001001110
00100001000111111000111010101100
10000001000001001111010011101100
00100111101101100101010001001101
00101010010111111100100011100100
11010001001000101111110000001100
10111010101100011110001001011010
01001010111001001000001011001011
01101000100110110011110010010001
01010111111011011001000110101100
11000011101011111000001001110101
10100100000100010001000011101001
11101001000010010100010001001001
11010110110011101101001011001000
11100011111001110000101100001010
11010001111111011001101001110001
00011111011011001100110111010100
10101110001010110111010011111000
00000001010100110000001110001000
00101011001101000010110101111000
10000111001000111101011101011100
11001000000000100000100100001011
11010000000111010000111011101010
00010000000100000010101111000111
00111001110101100001000101001111
11010010010100100010110101101001
10101000000101010101101001100001
11001000001110111001001110100110
10011010100101000111010100000000
11001010111001010000100001101001
00000011100101011010101100100000
00010001001010001101100110110010
10011010011101010101101100110110
11011000010010010100001100010000
00101100101001010000000110111001
00000010110000111111101000010100
11010001001101011100010001110000
11111110111101011100000100100010
01010100100101110010000111000111
10000000001000001001100100110111
11111011100000111001110100000111
10111001010111110011110000000101
00010111101010000001100010001000
00011100011100010111110010000100
11101110100000000011010010000100
01000100100001000100011010000000
00010101100110000110100001000110
01010011010001101101110001111100
00101110010001010011100001110010
11000111110111010111000010100101
10110011000100110001010010100011
01100001001110000101110110111110
01000101111011001011101100000001
00100100000000001010000011101110
11010100000100011111010101000000
00100100010000000111010111100001
10101000101011000101011011010000
10010111000010000100001011011000
11100001010110000110100010101111
00100000010000011100010111000011
11000010010100011101111010101001
00110000010111000100000101000100
01111111010001001010110011100110
01000000011101011111011010100110
11110110100100110011111011110100
10000001101011011101100101011001
00000101100001111100100011100101
01110110001010110101011101010011
00110100110000110010101011110011
11000000001100111100110000110011
01101110011100101111001101100111
10011011000010000100110010111110
11111000000110010011011001111010
10000111100101111010000011100110
10011011101100000011001101010011
10001010001111011000000000000000
10101000110001110101000111001111
11000010001111000110100001000001
01110000010111000100110111001110
10111100100010000010111111001010
00101100000010011010101001011000
01101001000100100111001000100000
00000100001100000110000111100011
10000110000000101000001100110001
01010100010011100111000110001100
11011111000100011100010001000110
10110100101010100010111101010110
10101001010001110100001001100001
01000100100100111010000000011110
11110011000001111011110001001011
00010100100010100000011100010011
01000100101010011011010000010110
11100100001010000010110100100000
10001011011101100010011000000110
10100100000001100011001100111100
01111001011000110011100011101010
11000100000110100110011001101001
10011001100000111110001011001100
10000100100101100001010101101001
01111100010001110010101100111000
01110001001110001000100010100010
10000110101101100100010101000000
11010000111000111101101010100011
11111011110001101010010110111100
11110111111101111111101001101111
11010100100100010101010101010001
00100100010000111110010100010010
10000010101000000011111011110010
00011101011001110101110011010000
00111110010100011000101001100100
10011000011000100010010001110111
01110110010010001110000101010000
11000000110010100101110001110011
11010010011110111100101101000000
10010010010101111001110010001000
10010101000101101110000001010000
11010101100000001100000000110010
01101000000011000100000011011101
00111101011111111001101110010010
10000000100100100110101001100001
00100001000001111001001100001111
11101111110000000000001011010001
11101010110101100000001010100101
01111010100011001000101100100011
01000100101101001110011001001111
11100011010100111010100100001000
00011011001101111100010011010000
01111001001100001111000010000011
01001001110000011011001100001010
00001110001010111111100011100110
00101000101101110110010001000001
00000010000000101001010110010011
00010000001101110101010010010100
10000000001101101110101111110110
00001110111101001011011000100011
00010001001110110101001100101010
01111001001011010000101010111100
01001101111110000001011100100000
00000010010010100000100000110001
10001000011001110100001001101000
01101000011001111001010101100110
00001010000011001010110000110100
00101111010110110111110111110101
01001111010011011100001000000000
00000100011111101011010010010011
00001001011011101110100001100101
01000010000100000111001000010011
11100110010000000100010101000101
01110001101101001101010001100111
00010111011000010110000110010100
01011001100000011001101110011011
10011010101011000101010101011111
10011110110101100001001011010001
01001000001110110111111100010111
10110011101110110010001010010000
11000000100111101011101001000000
00011000000001000010010011010100
10010000101001011000110001011000
10011100110010010101111111101011
00001111100011010010110111010100
00101111010000100000010000101111
01111011110101101010011110101111
10000101100000111011001010110110
10110100000100000110110110101100
11000010001000001011110101100111
10011110000111000101001000110101
11110111000100100100111000110111
01100111000001000001001110000111
01100011110001101011100001010000
00101001011010011101110011011000
01011101101011110101001111110101
11001111011011001011010001111001
00000011001001010010010000000100
10100000001010000000100101111011
01110001100000000110100010100100
00101111000111111011101011101011
01000011011011010001100010010011
11001001000011100011011110000000
00000011000000010110000111010010
01001001111101000101010010001011
01001001010110010000100011000010
01101010110110101010001010111000
11011101101000001010000000000010
11000000010101100100010011000000
10001011011110001010010011111000
00101101010110000101100010011010
11011001101000001000111010010000
10001001001011100100101100011010
00110011100010001000000010101001
01110101000011111110000100110100
01001001100000100111010100011011
11101011010100001100110011101011
10011111110100101110011111001001
01000000101100110011100101011010
01000110110101110100010010000100
10100001100001000100010100111001
01001110100100000000001100011000
10101100111010010010010001000010
11111101101110111000000001101111
00000101001101110011110010100001
10111111101100000010100010101001
10011111101101111011001111111010
00111110010000101010011000111100
11100000101010011100000100001111
00010110000111011100001000111110
01001010111101101011100001000101
10101111100011010101010101101010
11011000000111101101000111110000
01011100000111111000101000000110
01100001001000110000001100111011
00100101001111001110010010000001
11000111000100000110100010101000
01010100111001001101101100011011
11100001000111010110001011000110
00101100010101000101010111000110
00000001100010111011000111001101
10100100111101011000101111000011
00100011001010000101111000111111
00101011011001100101001000111011
10011011001110010011011000001110
00010010111000010001101101100101
01000110000100110000110000110000
01011100110100010000000101111100
01000110000000011001101111010100
01111100111100100011000010110001
11010111001010101001000011100100
00100001110100011000001000010000
11110100000010011100101011000011
10000100010100100110000000011100
10101001100110000010001010100000
11010000110001100001000011000101
01010001000010010101111100010110
01101110111101101011001110010011
11001010111000011100100000100100
10011110110100011000001100010110
00100000000001010011111111111110
10100101000011100011010011010110
00000011100111110000001101011000
01101101100100101101110011111110
00111100000001110110101001011011
11101000001010101101100100001101
00000100100100010001001111100001
00101000101110101110110010010010
10010000001100011110001101000001
01100101111000101001001000101000
10010000001000011000011111100011
00011100100100001001010011000100
01010111001111001010000100111110
10101011111100010111010010100001
11101000001001011001010010000110
10000010110001000100111001001111
10101011001010100000011101000100
11110010010010001100110111110001
00011001010010100011011000000010
11011010111000001101010110111110
11100011111100101100110010101010
00001101011101101010010010010111
01010011011111010011010010111110
01010000101111001010000110000010
01101110101100100001111011110100
10011100110010011100000010110110
11000100100001101101110100011100
01010101001000011111011101110100
10111110111000110010010111111110
11110001100100110110000011100110
11011000111010111011110110000111
00010001000100001011000001000111
00000001110110111101101011000010
11110100101000111101001000000010
01010010010100010010111110011001
11111100000000000101000100111101
11000100101010011000011111011011
01110101100100111010001110110000
01100110000001011010001111000111
11111000100000100011001111101100
00001001100001010110100110011000
00000100100000000110001100101001
00111011010011001000011101010010
00110110010100010001101100100000
11011101001111001100001110101100
00111100001110111101101100111101
11011011110011111010101001101000
01011110111000011100101000000101
10011000010110011110000101000001
00101000001100111001111001000000
00010011000000110001101000001001
01010011001110001100001010101100
10110001101000110111001000000010
00110000110101000000011001101000
11010101001001100111111010000100
11000001000011010101011000001001
00100011101011100001011101000010
00111111111000011110111011100000
01010110110001001100000110110101
10000010100001000000001001010110
00110000011010000101100001111101
01110000001101110101001000001110
00100111010011100101011100010100
00100010001001011101001010011000
11001010101111100010100000110111
10110001111100100001101111011000
01111101111100111010111110101110
00010100100100110110101110000000
00001011011011010010010111111000
00011111001010011010100101011100
00100010110000001111000101110010
00000110100011111011001010110110
11100001001110000100010010111110
11010100001110011111010100000010
00111011011100011001111011100000
01011101000001100111011111100111
00110101011001110110100001010110
00001001110100111111010010000101
11001111011011001011100011010011
01100011000001101011001111101000
01010100011010100001001101110000
00000100110101100010111010100111
10111110001111100000110100100101
01000000110001001000011001000001
10001110001000001010011100011011
01000101000000001100011111010010
10010010101001000001011101001101
01110111100010111010000010000110
10001001010100001000101010110111
01000100001001100000011100100001
10110111010001000010010011101000
11100100011101100000100000111000
10110001000000000010001100011100
01100001010100010000001100001001
11101000011010011101110000010011
00100001110110100100110110111000
00010101100101001011001110001110
10110001010110111101100101101101
01010000010101110000010010011110
10000100001001010111000000101010
01010000100000001111000000000110
10100101000101000101010001001000
00001001000000010000000101001010
00010001011000111001000011000101
00110111000010110011010001111011
01010001000011100011101100110000
11000001000001111100010100001010
01000101000111000000001010001010
10001100000010111100010011101011
00100000010000000011000101011000
01101010111011001001010001010010
01100111001001110011011101000000
11000010011000000100100110011100
11111101100000000010101011010110
01110011100000110000110111001010
00100101010110100011101101101110
01011000100000100000001000111101
00010010001010010010010001000101
10010100000000000101101101011000
11000000001001000110010101011011
10111010100000111111010011100100
00011000001010000011001010000000
00010111000111101100001111110010
01001000010100100101110011101100
11101000001010001000001010100110
10010100100001000101011001010000
00111010100001000110101010110001
00111100101111111011010010001001
00010010011000001110010010001101
10000101111001001001100000010010
01001111010001101111000000111110
01001101010100011111011000011000
10001001011010001001100110001000
00001101011101101010111011010000
01100110000000010100011100011101
11011010000100100010101100001100
11010010100010010011110110110101
10011111101111000001010000111001
10000000011101110000011110001001
10110100101101110110001000000111
11010110010000101100011101110101
00011110001111000001000000001110
01010101100101100000111010101010
10011010001011001111000100010100
01001000010101001100001110001100
11000100101001001100010001001000
10100001000011111110100000110001
00011110100001000011110001101100
01000000010111001000100111000010
11011110001110001100010000001101
00010100000010110100010001011100
00100010011010011100111111000011
10110001011010001100001011011000
11011011000111010100000000110000
01010010100101010100011011101010
00100010110110000001100001011101
01000011110001110010001110010000
10011100010010010011010000000010
01011100111101000100001001011100
00011101111001110011001010101010
01101001100010010000000101001110
11000100001100001100000001001011
01010000100100111100100011001001
00101000100110010001010110000001
10011100101000000011001000100100
11010100000100111111010000010110
01100101110010110000110010101000
11110000100110011100101010011000
11001000011000110001011101001011
01000010101100010010001110011011
01101001000011100110001000010100
10010011101000100000100000001101
11100000000010000000100011010110
00010000110000010100010001000011
10110110110010111100111101110000
00010110011111000000010100011111
00000001011101000001000000000100
01110010010001110011101101001010
01000111001010100011001111101100
00001101000110010110111000001011
10001010110001100011000100110010
00110000111000110110100110100110
10111011000010010011000001100010
01000110110000101101011110010110
01010101101100000010111000000000
11110100111000001111101101001101
00010011101011010011100101010011
00001101101000111100100110011011
01110010111011110000110011000010
11110110011001111000101110000000
11001101000100101000000110010101
00001101110111000101010110001011
00001011111110000000110100100010
00010010000110011010110011111000
11111010011111001000010011110011
00010111110100101111101000010111
01010101010110100011000011110010
00000001101000001000110001101000
01011000101100101111101001000000
11011001101010001010000110111000
11000000011100101100000000001111
00011000100000010100101000010000
01011101011110011110011001000101
10011010100101010101000101000001
00010000000000101011001110010000
10000001101001010100000010101011
10001100110101001001010001000110
01010001010001011001010101110001
10111110111011111001110110100010
11000010010101100111110110110101
01010011000000100001111001011101
01010100001001001110100001000010
01001101011011010001110111101001
11101010100101010011111111010110
00000010111000101010001011001100
11001010010010000100010000101110
00000000011000011011100101101110
00000000000001100100010011110001
00010010000001110100100100111000
00100010000000001100000100101001
00010010011101001000000101101001
11101111001000110110101011110001
11101000001101101100000100110011
00101000011100101110110110000000
00101001011001100100011000000010
01111001000101010111010011111101
00001010111011110111010001001011
00011100000110011110001010100000
00011100010100011100000111100000
00100000001000110010000100010010
00000110011000100010000011101011
01100100011010000001000100010010
01110110110011011100010111101101
00000100011100100101010001010110
11001000011111000111000010001101
01100101110100101000010011110010
11010100110001001100001011110001
00100110011101001101000111001100
11000000110010000000010000001001
10100001011000001000111110011010
01011001100010000110100001101000
11101001101011101111001011010010
00110011000011011010010010110100
11000110101111010100001100110010
10011011110000101010001011011010
10010110000110101101011000001110
10101111011101010011010000111101
00101101110010000111011100000001
00100000000100101000111001100101
10010000100001110100110011110101
11000000011000000111010000111100
00010111001101111011010001111111
10100000001101000010111010010111
01000000001010110110100010000001
00100101110110010000000110010000
11000001000101001110011010001100
11110101000000101010001011000111
00001101000111000011001011010011
10100100011011010111000101111111
10011011000000101011010010101101
00000010000010110110001000010101
11011111000011101011110001111011
01001001101001001100011010000011
01010111000011000001110000100011
10100011111001010100010000001010
10011010101110011000001100000010
01100011110001001000011100110010
00111010001000110100000000010010
00000101000000101100011010010001
10110010011000110100110001101000
01010010011011000111001010001001
01101001010011001010010011100010
00001111000110111101110000000100
00001100111011010100110111110011
10111101100111001111011110100000
00000001100001100010011011011111
01110110101101100011111100010010
00010001010001111100100101000110
10100101101001000100010011111110
01101011100000010110011000010001
01111100001110100101110110110010
01110110001011101110111100111011
00001111000000101100000001101100
00101000011001001101110111110001
00101010000000100001111011000011
11011101000101010010001000000000
10011111110110000111110101101111
10101010111110000011001101001110
10110110111110001001101001110110
00101001000001101000011010001010
01101000001100000010010000110001
00001000001010100000011010111011
10010110100111001000100001001010
11000111000000000010010011011010
10000110000001101100010100101100
01001010100010001011000001110000
01010100001001111001110000000111
01001001011110101001001100000110
10010100000110001010101100010110
01111001000101110001101010110000
11001101010101100111100111011101
11001011000001010000100011010000
00010100000001101111101011010100
01100011011001011100010000000000
01001111010100110000110100001001
00000011011001111000111001000101
01011100010001001010100011100111
10111011001000101000000010110010
01101101100010100101100011001001
11101111100011110010101011111010
00110110100100001101010100111010
00011010111011001011011001100001
00111000010001000101001110001011
01100011000100010010111000010111
10101010110101001011010001110010
11000000101011010001001000010001
10011100110001000111101111111010
01000011011000110011111010011101
11110010011000000101000000101101
00110010001101110010111110100100
00010100011011001001111111000101
00010111010001010100011000111100
01011100011111111110000001100101
10010101001001101100110010000000
01001000010000011110001101001001
10010000001110001010001100000010
10000101011010000010011111001001
10000111101011111110001001000101
01101100010000001000111100100000
01100000000011111110100010101100
11011100000110101010010101100100
01011111001000011001001000100000
00100100000000000011111111110100
11010001111001101011001100111000
00001001001101011100011011010100
01101010001111000010111100010011
00100111000011100110000110000111
00000110000011010101011010001110
00010111100000000001000100000111
00100000101100100111110010001110
01001000100000010000101101001111
01011100001000100010101100000110
00010111100000111000000100111000
11001001000000111000001010011101
00110000000111001100010010000010
01101110101110010011011100110001
11000000110011101100110100000011
01011010000000101001101001101100
00100000011100010010110011101101
00011001001000001100000011001010
00101110000000010010011001001100
10010001010010111101011111011011
00000110011011111001101111000010
00110000101001001111011000100010
11111001001010111011011110001000
01100101110100000000001001001101
00010111110100111011000000111010
11010110010101100001010000100100
11001010001010111100100000000110
10011000101110000110000111110110
00011100100101100011011110001000
10011011010000110001100100000011
01010110000101101110001100101000
11100010100110101000110001110011
00011101101011110011010011010000
01110010010110011010111010000001
01100000100101001100010010000001
10010000010001010001001100111110
10011011101101111001000111010011
00011010110111001010011101001111
01101110100001111001110110100011
01110110000001110000100011100100
00011101011100100110001111111000
10110011010100001010000000010001
00000001001000010011100000100100
01010010011000001011000010000101
00010011000111101100010011000100
10100000001100111010011010010000
01101001101011001011011110110101
11001001001001100100100011001110
00000000001000111100110000000110
00000000100011101001100001101010
01100101000000000011000000101010
11010000011110000000000111001000
11011011101010011000111111110011
01000111111001000111100110100011
00100000110001111101110010001001
10001000001011000010000001011110
01010000101000010100100000010010
00001101000010000100000101001001
01001101000001011111111011110101
01001111101110001100101101010111
00110110101100010111111011110101
10010110110010000000001001001010
11101010110101000100100001100100
10100100000111100110001100110001
11010010101101100011000010010111
00101011000110110101011000000101
11011111101000100100011101011101
01110000010000101001110100011000
00000101101001111111010101101110
00001110010111100100011101101100
01100110010101011101010100000111
10011101001110011001101011000100
10111001011001110001011001100010
00010100001101001001111101100100
11100001001001000101000000101001
00010000001110001101001010101010
00100001100010100111110101100010
11110111100000000100001001001000
01010001011001010011010001110000
10001100111000011111001111001100
10000111000010001010000001000011
10000001010101100110101010001010
00000011001101000101000010000010
01101001001011000110000110110001
00001110001000101100010000111011
01000010100101100011111111000110
00101000100011101010111010010100
00110001110100101001000111000011
10000000011001011001010111001000
00010100000010000010011001000110
00011000110011000010010100000110
00110111100100010000000101100011
11000101100001011100111100011100
11011010000000111010100001101110
01100001001000101000000000000111
00100011000110111011001001011000
11100000110110010110010001011111
01100111001100100011000100001011
10010010001010010000010110110101
10000101001111011100101010000100
11010011100110111010011000001110
01100111010100100011000100010011
10110001110000101010100001110001
01101010110000000000100010010100
01111011001100000100000100000000
01010011011111101010011010001001
10101010111011110110100000100010
10011001110000101110001011110110
00010111010101000000010110011000
00111010000100001100001100001011
00100000001001110000101101110111
10010011010000001100001010001001
11100011100111110000111000001011
00000001010011101010011100100100
00100100000010100010100001010011
11001011111001001100011000110100
01000001010111000001000101101010
11110011111010100101011110110100
00000101000101110010001111001011
00001000010010101100100010110110
01100110111010000010110110011101
10100110111011111111011110000100
01010000000100000111011100011110
10000111100000010011100100000000
01110111101000000100100010100100
00000000010011010001110110001001
11000110111100010111001101110110
01001010110110001000010101111000
10011100110000101001101000100100
11111110011000100001001001000000
00100010101111101000100101100110
10000001000100111111111110001101
01110100101010100011111001011000
10110101101000101110101110000010
00011111011111001010010001010000
00101100100101101001011000110110
01011101000110010000100000000100
01001001011101000001000000000100
00001101011101000001001011010011
00010100110000001111101011011011
01111101100110001010101111010111
00100011010011000010001100010101
11001001111100000001101011010110
00000011111000000000000010110101
01010000101011101100000111010000
00000000100110101001001100001000
10010100011111001001001000010010
11000011111110011010000000100001
01000100011100100000100110001110
00000100010100010011000111101000
01001000001000100101001010110000
01111111011001001011011111101011
11100000101000001001101100001110
10000101000001110010101000100001
00010100001110100110100010100110
10011110011110000001111010001000
00000110011000100000110110010000
10001110010010001000000000110001
10000101011000100000011011100010
10110110000010011100101110011110
01010001010010011101011001111010
01001100010101010111000100011000
00000010011111101011111010001100
11110110011010110000111101000010
10100001011000100001010001000010
10001110111110011001001011110101
00110011000101011101101000000111
10000000011111000000101100111010
10000001000001011110010100111110
00110000001101111011011000101101
10001000010010000101011100001111
11100101000010010100111111101001
11000101010000100010100110000100
10110001010001001011101111010110
01000100100101101001011011101010
10100000101100100101101001100101
01010010100000011100100111100111
10000000100000001000001101001111
00111101100000101010101011111101
00100010100000101010011111001011
00111011011010110001011110110011
01000000011100011010010011110100
10100010101010001110011100011100
10110101010001011111110100110001
10001011100011110110111010011110
11000100001010010100101011110100
10001100010100100001011101000101
00100000010111011110000101010010
00000101110100000010100100010100
00000101111000010100111111110000
00111001000000100100010101110001
01001010101010011110101011100001
00100001001001111010000001100011
01001111011101001110011011010110
00001100011000100111110000100110
01101111010110000100110001100000
10010101110000001111100001101100
10000000111111001111100011101111
10011101001011010001001110100101
00111001101100000000100111010010
11001011001000101101100101101011
00110100111011010000000010001001
10010010001010011000101101100100
00011001100001011011010011010110
11001110000001100100001110011110
01011001100010111100001010111111
11001001111101110001111011001010
00110010011101001000110001100111
10110000010011100000001010101101
01000011001000001001001110111011
01001100010110000001101100101100
10000001111010101010000100001001
11010010001110110001011001100011
10010111100001110110001000000011
11110100000100011000011011111001
11000110100011101000001000111100
00100100010100100010111100000001
00100110100011110100100011110100
00101001100100000000010000000001
10110110000101100000001111001111
00100001001110000011000100011110
11000110111000010110010111100011
01010100001001000011101100100111
01111000010101110000011110011000
10011010100010001001101010010100
00110000010110011011110101110100
10010000000100100100110100100110
11011010110000011110101101010010
00000001010111011011110000110000
11000011101001010011011101011110
11101000000101001011100001101010
11000100010001000011101001000011
00101010010111100111001011100100
11000000110111101000100010001111
00110101011011000011010101001001
00100100101101100001110111000010
01000001010001111100000001011111
11101010110011110000001100100010
01011000101000110110000100111111
01001011001101110000001110110000
01100000000000010000001010001001
00110001000011100011111111010010
11000110010100001101011101001010
10101101101001100101101001001010
00111110010111101111111000111111
11101000000001110000100111110010
00111010100101011101111010000100
00011000000000010101010111100001
11111100000100100100000010011010
10100100101000101010001010100000
11110111011001001010000001010100
00011100000011010101100111011111
01011100111100101110000101100000
01101001100000101011111000110011
00111010010000111010000011001100
11000111100101000100010110001100
01101000001010010011000110101010
00001100110001110111101000000010
11111000111101100000001000000101
11000001001101100010111000101101
11101100001110001000000001100010
10000000000001001010011010011001
01110011100110101001100010110001
10001001001111111010101010100011
10111100011011100111110011011110
01000110001010010000000001011001
10011111001100001000100010000010
00011100001110010010001000110001
00000111000110110000000011001010
10001100000100101110101000100100
11001110100101001001010100001111
11010010101011111001111100100011
10111110011000000110000000000000
00000110100000101101001001000100
01000011000001001000011011000010
01101010011100101100101001100010
00000100100111110010001101110001
10000110000000001000011001001001
10000100001010000001000111111100
00010001111100110010100011101111
00010001110000000100100100100010
11000110100110101011110110000111
00001001000010001110011100101101
11001110000101000100100000000100
01111111000110011010001010010001
01101110101000001001000010100110
00011011000000110010000101101111
00010110100010000010110001011110
01011110010100000110100101110011
00011000011101101000110111100101
01101011001101001000100111111111
10001100010001011000101000010101
00110110010010010100001100011100
10100010000100000100001000000110
00011101001010010111001100110101
00111101011101000110100111010111
01001101100000001111111001101110
01010001001011110110001011101000
00101000110001110110100101000011
00000101110011000100001000100100
00010100011100110001111111001110
10100010001000000001100001000100
10000000101011100100110110001100
00100100110101000110101010000100
10111000101010000101000100000001
11101011101011000101110011100010
01000010011011100010100100111000
10011001010000000000100000001011
11001001101011000001111111110001
11011100010100101000101101110011
10010000011010100011010001100110
10000101111101100010001101001001
00101010011011111101010100010010
00110111010100110110011111010110
01000001111011011110101000001100
01100001000010100000100000000000
10101100000111011000000100111011
00001000001111100010000110101010
00011011010000010000001001101001
01100100100101000110011011111000
01010111100010100011000111111011
11011000110101000011011100011010
01000101111111010000111110111101
01010010101000110000010110001100
01101001100000010010101101011110
10001110101000101111001011000101
11101011111111000010100000101001
00101100110000111111101101100001
01110101101111111110100000100010
11000100110110000010111000101110
00001010101001001000100011001100
00001110101001100101100111010000
00001110101000010111110101000110
00101000001111101000000000000111
01000110110000000101001010100011
10100101011101000111001010010011
00111011001101011101001110110110
01001001111110000001101000001100
01001100111101101011000110100001
10001010000001100101000010100000
10010010001110001110010100001110
00000110110100011100000100100001
01001111010111011101011111110000
01000101110010001100111101011011
11011110111101101100000000010111
11010001001100100100100100000011
10110110000101001000110011101101
11010001001011011000100100111101
10000010010111000001100000011010
01101110101100100001101101001000
00100100000110100101001101110000
10001010100101101100000011111101
10100011000100000000101010101110
01101010100100110110111100010000
00000010101011011000001010110110
00110000100100001111000111001111
01011001101011101011100000110110
01111000001100000110001000111000
00001001010101010001111001010011
00010010110100100010100100001101
01000001111101010000101101000001
10110000010010010111100000110101
01001100101101000100011100000101
01010010000101000100011110000010
11101001100001011101011100100000
11100010011100000100011011001011
01001001000010001110100011000000
00110010110000101011110000111101
00111010011110111110111101000110
00101001011100100010011010001100
01100110011111000100001001111111
10001000001111000011101010110011
00010101111010010110100100100110
00101000011100101000000011100010
01000110111011111001011110110000
11100100001111100101100110010010
01101111001010110011011000000011
11001011111110000010011100100000
00000110000101001110011110101010
10110000100111000010101010001101
01000011000000001000110100000011
11110100001101100000100010100010
01000101000001111000111100101010
00110110100000010001011100011010
10100000110100110111011011010000
00000101110000010111110100101000
11010110010101001000001100001010
11001011101000010111110011100000
00100001111111000001000010111011
01100100000001010011001001000100
00011001001000100110000100011100
11001011001101010010010000100010
01011010111011000111111111100001
01110000100111100100111001001001
00000001101001000001000111100101
01001110100111011010110100100111
00010101111101001001011011101010
01011010110011010100100000010010
10101000100001000000010110110101
01000100011100011100110110010100
01101100100100011110000000100110
10001100000111001101101001011000
11001100111010010011111000100100
00100000100100110110001101100100
00111100101011001111001010000000
01101101011110000101100100000000
00000001011100101110011010110010
11001100101101010110110010110000
00111110001101010010110101110101
10101110101011110111110111111010
00001010001110010001111000000111
11110011000010010001101100000001
01100111000010000010100010011110
00011010111000011110010100000001
00101110011100010101010010000110
11010111110111001101101010100001
00010001101010110010111010010001
10110001100111000101100101010010
10011001011011010101000101000011
00011111001100010100011101010001
00100000000010010100111011010000
00100000000110000011000100000001
00001101100001100100000100010011
01010100110001011110000010101111
00000000010110010110010010110000
00111110101110100010100011111100
10101000001011001000000011110010
