11110000100011011101101110000110
10011111010010000010101011011001
11001011010010001100000101101110
10100100011101101110001110101011
11111001010111011000111101010100
01011010010100110100001011001011
00111011101110011010111011000011
11000001110001001011110110010111
00001011001000101110001101011001
00010000011101001101110100101001
00010111100001011110100011111000
01101011111101101100001100101000
10000101100100011001101011110010
00010101010111001110010101000111
10001101000010001001100111011010
10100011110110110010100010000110
00110110001110010001101101000111
00000011000010101010101100000000
10100011110110100010110111011100
00100110111111010101100010110010
11101111100000101111101111100001
10010110011001111001010100011000
10010010111110001000001011101110
10001101010111101100011010111011
11100111110111000111111000100010
10111001011001000101010000111001
10111110011010110100100110011010
01011100010111111111101101000011
11100110001100011000000110110010
01101000001111100110110100101000
11001001101111001011111111010111
01110000101011110101000011110100
11100101000101111111010011100001
10101000111101110011100101000011
11011000110100101110001001001110
10101100111110100111100111101001
10011111101100101100100011111001
11000101111101101111101110001101
10001010101100010110011111100101
10010110111100100110111011110001
10011011111010000011001010000000
01001110101111000111110001010000
00000010110101110011001100010110
00111000001010010011111001001110
01101100010110010001110010000101
10001011111111100010101011010001
10110101101110111010101010100101
11100010001000000001011101100010
01110011000100010000110000111111
10001010111110110010011101100011
11010010000000011100001101111101
10111011001010111001011100000001
11101111111101011100100100100101
01000010101110111001001000011000
10011110010111010100110000000011
11011111110010101100111000010010
10011010011000111000100111000111
11110011100100100001101111011100
00011111000101111010001110100101
01011010001101010010001101001111
11000110100010111000010101101000
10110001001111101010100010001000
00011001000111000100110001010101
01011011100111000111100011101110
01000111110011011001000001100101
01000010010000001110011101000000
11100000101000010001001100010011
01011010010001011000011010001111
10010010110001010100100101010111
00011100111001011011011101101010
11001100110111111100100000100111
01111111111100010111100101000110
10101101011001011100101101010010
00111011111110111100110111000100
11001010010110011101011001101100
10000111100101000110001110011111
00011001010101100100000110101010
00101110101010010111101100110111
10100000110101010110010100011101
00001010010010000100010100000100
00010100010010101001110100011010
00110101110111111010110110111010
11000000111100010010100000101011
00000100101010101000101100001110
11111011101000101111111001100100
01101101100000001011001110000010
10010010001011011001101010100111
00000111000000001010001010010100
10011101111111111110010110101010
11110100010111010101010001100101
01000101111000010100111101101010
11100011110110111010111010100001
10011101110100010001100111100011
01000000111111011000101011110101
11000111001111111010001101101011
10101000111001101000111100001010
11110011101000001010101010110010
11111011111100101011100101100010
00101111101101011011011101110011
11110010011011110111111101001100
11110111111001100001000100101001
11011001100011010110010110100101
11100100011000101001010001110111
10110100101001011100110011001111
11010000110111110011001000111011
01101100101010010011110010000101
11011000111001000000101010010100
00101010000011100100110000100111
10110101101100110111001011111001
10101101111101000111111001001101
10001110111101110111110000011001
01111111111100101011110110110100
01000100111100011000111000111111
10001000111111110110010101111001
11001101111100110111001110111100
01110111011101110111110011110110
11100010111010000010100000011111
00010111011010101100111111111001
10000100000011101000101011100101
11000010011110011000110110000011
00100110101001111101011101111000
10101011101010100000001011110110
10110011001010100000011000101000
01000000000111110011010110001100
00011010100001110111100100101101
11001111001000001111110001111110
00011101110100000011010110000101
11001010011100100011110000001100
11111000110010110100100111011110
00000110000001010101010110110100
10010010000000100010000001001011
11101101000000010001101001001001
10011101111100101001100010111110
01011011111111100010001111001011
11000011010001110111001000111011
11101001011101000111101001011001
00001101110100111000011101110111
01010000010011011101001111100001
01011100111110100100110000100010
10010010011011111110110001000010
11010111011111100111001111111110
10100011001111011100011011100111
00001000111101110010110010111111
10111010110010001001000010001001
10000110111101001010001110011011
01100111001010011110000111100001
11010011010101010000100001100001
00001111011001011111011001011000
01100011011100010101100100100001
01100111001000100100000000010110
01110010000011110001001101110101
10000011000111101010010011000000
10101001001111100011011010011110
01100001010010010111011111011101
11011010101000100010000000101111
01101010001000001000001011100000
10001110110001110100110101010111
00110001100011110001010110000000
00111100111110010101100100011111
01110111111011111001111110111111
00000010001110010110011100110000
00011000111111110000010100001001
01011101100000110110010111111010
10010110111010011111011100010101
00110100100100111100100111101111
00100101011000110101101100110100
00101010001101001001111110101111
00011111001001110111100111011111
11000111110000101000010110100100
00000010010100111101100111001001
00111111000010001101010000100000
01010000110010011011110100010010
00010011110111110000100010010000
00100101011101001101011010000110
00011111110001101111110110000101
10000001011010111110110011001100
10010001111011000100000001111100
10001100010110010000101111010011
10110000011010000111101100110101
10101100111100010000000101111101
11100100111111011111010000001000
11011110000100110111001111011101
10101100100011011111100000100010
11100111011111011000000111110111
00010101011101000011100110000010
10000100011000101010101001010110
00101111111011010100001101101101
01100000100101011100111001110001
11011001011001000101111100001010
10100000000001110100011001101001
01000010001000101110101100110010
00011001101001001010010011011011
01100000011111101011100100010000
10001001000110000100000100001001
11010001001101101101111010101000
10000010101011001000011011110110
00001110000001000100110011100111
11010010101001001110101001111100
11010111111011110111011110001011
10000100101100001011010111111111
10100101001001010000010010001101
10100000001100010010101001101110
01001110111011111101001000010100
11001100100100001110111000100111
00101100010010010011001101011111
01101111100110011011101010101111
01001000010010001110110101010111
00101110011101001011000000010101
10010000000101010010011010111101
00011110110001000001111010010111
01010011111010001000011110111000
11000110110101100011110001010110
10000000011000111111011100001000
01100111111110000000000110001001
01101000010110100100100011100011
11010011000101100100010010100011
01010001010101100001110011111111
11010100110101000000001110100001
00100011001011010100110100101101
01010111110111101000011101111111
00010000011011101001110100101011
11111100000110111000111101100100
10110111101010110100111010111001
01010101000100111111100111011001
11001000110100000110010100000000
10110001110100010000100101100011
10101000000111000101101001101100
10001010000001001110100100000111
11010011100100111111111100101010
11100011101000110100101000101111
10001110110100011000001010000011
11110011001111101010000101110110
00011010010001100111000011100000
01011111100010110001000010101001
01000111001000110010100111000100
01111011100001110111001100001101
10101000000000111111100110101101
01100100000000000110011001100001
10010111001010110101011011110100
00010111010111110001110001111001
10111000011111001111111100011000
01110100110101100111011000001100
11011101000110110100111000001111
01100111100001111101100011101011
10101001001101000000110101100000
10000100110000110111001111101011
11010101010000001100110011100001
11110010001110110011101100001000
01111100011110001001000111001111
10110110010011110110110000101111
11111000011001101000001101000010
01100011110011110101110100001101
11001110011110100100000001000000
11011110100100110100100000110000
00001000010011001101010001101001
00111011101011110100000101011011
11011111001111100010011110111110
11011111001101010111011010011000
01011011000011101101101000101101
01010110010100110010000010001010
01100000101000100110000110111100
10111110111111010011100010111100
10111111011110001100000001011001
10110110000000010111001110001000
10110011110011011100010110100111
10111000101001110000001011001101
11101010110011010110110101001101
01100010010000100111001001100001
01111010000001110001110111010100
01000000100010000101101011011111
10000101011110111001011110010100
01101011010110001111011010110011
10011011001100111011101000011011
11111100011101101010001011111100
01010011100000110100001100100010
11010101110101110001011011111100
01001001111001110000100000110011
10101110110101110001100101101011
00011010111011100011111100101111
01110001010101101010010011010101
00111010111101010000000010111001
11100000001001101110000110100001
11101110010010111001001001000011
10000101100011010001111000010011
11110010001000001100000000000111
01001000010111110101001100011110
10000100000011010010101100010001
00000011011010010100101001111000
01000000110001100110001011001100
11001101011100010100001110000100
10110110101000101100010101000000
00000011010011110101010001101110
11011110000100110111111000110111
00001110111010101010100010111100
10101000011011010101001110101100
01110110110100010100001101110111
01110110110111011110110001101111
01001111010001001011010011100110
01010000000010101111000001000001
01001001000100000110110101111111
00000110000011111101111111000111
10110100100111100011111010111000
01001000000111110001010010100111
01001110101011001110000000100000
01010110010111101110001110000101
11111110001110011111001010100010
01100110001000110100110000010001
11011110100000101011110010101001
00101111100111100110101011000101
10011011101101001110011001111101
10100010010100001000011111111001
11111000000000110101100111001000
11010001101111101101100111010101
11110010100001111101000001011001
11010000000001000001111001011111
11010111001011110010111011011101
00000001100111001111010000100011
11110100101100100101011001110011
01011101010010110001111010010111
10010001110011111110001000111100
01100110011011001000111010101101
11001000100101011111011010100110
00110110101111111111000100111011
11110110100100000000000011001110
00100000111011011011101100010011
00111011010111111011010110010111
01000101011110110100100001101110
01010110010001111101110011110100
10110101100010110111010110000101
10111101110010001000000010101001
00100011010110110011000010011011
00110011001001010000111101010001
01011001001000101100011110000110
00011110101110011010010010011001
11111100101101111000100101010011
10000011010001100001111000001000
10001100110111001000010110110011
10011000010110101011011000010011
01110111101100101010100111111010
01100110011111110000110001111110
01001011000101010000000101110111
11110110100011000011110111010110
10001010101010011101111111100100
11011000111000101100101011110010
00011001000110011110010000110000
10010010010010001111100111000010
00001111011101111001001000001010
11011111000000101001100110100110
10111110101101111000100011101011
10110001101000101010111011000000
11101111011111111011100111010111
01000101001100101101101000111000
10101000101101001100101001010000
11011000110011011110000111001000
10001110101101010001110111100001
10011011000000110011011100111010
10001110100100011011010110111110
11011010111110100000011010011000
11111010110010010011000011010101
11111011110011001011110111011111
10101000011001101011000101010011
00010110111001010000110110011101
10101001010100011101100000011011
11001111000010101001110111011111
10011110000111010000011110111001
10100010011001001100111001000101
00011010111111100001110000110010
11000011110101100110011101000000
00001001000000101001111000111000
11110011011001001100110100000000
11110001110101111100000010100101
00011000001110010011100011001010
01111100010100000010111001001000
11111001001010110110011010101111
01100111000100110111111111000111
11111011100010111010010001001111
11101000000000011101001000001001
01101100001010100101011110101011
01100000000010011111001111001000
01100100101001001001101010101101
11000111100111101100011100111100
10101011101001111011100000011101
00101101001101011000001111101111
00100111111111100100100011001101
00111110111100101100010101100110
01100001000001011001010101001111
00000001100110101001000111100110
11110111011111100110110001001000
10111111001010011100000101010000
10011110001011111100100001110000
11111011000110001101110011111100
00101110011100011101100000000011
11110000011011011100010001101001
01010011110001000110011111110001
11010100000000011011011100011101
11001010011010100011000101100001
10101000111111000000011010000010
11011101011010001101111000000011
11101111111110011000101111101100
10100111110000001010111110111100
00100011001001111100110111111101
01000110110001110000101101110101
11110000010101001110000111001010
10110001010010010110011001111110
10100100101101011110111111000000
10101101110001100101011000100011
10111001101010110000111110001110
10011011100100110110001101000000
00000011001111010101010000000010
00110011011111111011110011101110
00010010001010001011011111111101
11010111111010101111101100110101
00000000100101111011101101011100
10111100111110011110011101100111
01000010000000101011100111101111
00010000000001000010101001111101
10010001100110000001110101000001
00011111100001011001111010111101
00111010010000111110011111100111
01010100100011001111011101111100
00001110001111000100101101011011
00000110111001000001111100010001
00001011010001000101100000101111
00101010110101110011111010111011
11100100010100000100101011100100
10000100010001010011101110110001
11011000000101000101100010010111
00001010000111101111000111010001
00101000000001110001100110011101
01110110001001110010101011100100
11111110000000110111011111010011
10100010010011111000011101001010
10000010111010010110010010101100
10011100110011101110101110100011
10100011000010101100101000011000
01001101110011001011011010110000
11001110111101011101110010000001
10011010111110001110110101010010
11110011010001001110101011111111
11100010110101010011011111010001
10000100001000000001010111110001
01110101111010101010100011010100
01111110101001101110110000001101
10101100100101000101011111110101
11101000100100011000001011111010
10110101011010010010100010000011
11001011101101010111001110110101
01101000110111011100110111001111
00110010100011000010010010110010
01010111011000100101000011101000
10001000010111001101111110111011
10101101100011011000111001111011
01100011000001011001100011110100
10111111101101011001011110111110
01011010110100001001000111111110
11011101101111110111101000000010
10111111011111100110000010010111
11111110001001110011010010100100
01010100011110010001110011110110
10101000110111111000011001011010
10110000101111101110111011001000
00000001001001110101011101010001
00001011011000110010001100110110
11001111111000111011111111000011
01100101100100110101111010001101
11100001011111010011001100110011
11001011010011010110110100111001
00001110011100110000111000001100
11100111001101100111010100101000
11111100010000101000000100110000
11011111010101100000001101010111
00111100101100110101111011100001
11110101100001101100010101010011
00000010111110000000100011011100
11000101110111000100100000111001
01111010101000111111011010000110
01101100111101101001101101011110
11001101011111100011100111111010
11111101111101001010110010001000
01010000101110000001111110001010
01000010010010011010000001111110
01011111010001110010001111011000
10111000011110000111010100010100
01110111110100110010001010000001
10001111111011100100010111111001
11010001011101101011101011000110
00110100110010100110111100100000
01100000000110111101111001000100
11100100110011111100111011110100
10010000000101101000010000001111
00010010101011111110110000011000
11010010000010100100110111001110
00101010110011111010001001111111
10110010001101010011111001110010
10000011101000110011000101000100
00000011010100111100010111011111
00101101011100001001011100100000
00011111001110010101011100110110
11001111000001101011000011100110
00111101100110010001011111111001
01110100101000100000101010110000
11010010001011000011011001010111
00110101101111000101000101100110
11010010000000100111001110000010
00000101101000011110110000100000
10110011000011001000011101000111
01110011101110000100001011110000
11111001100111111010001000100011
00101101000011101011111111001110
01001111000100111111011000110100
00011100011110101101000100001100
01011101110100011101000000000001
01001010001011100101001101010110
00011010100100000110010010010011
11101111110111001110011101010000
10010010101010100000111110001001
10010001011001111100100010001110
00111000010011110100001111001010
11100101001000110011101101100011
10010001011110100110111011010001
01011101001001000100110111110101
10110001111010111000011100000010
11111110011111111001010111110001
10000011011100000110100100111011
01110110001010011111000001110010
01010011111000111111100000001011
10111111111110100011111100000001
01000001110110001010110000001000
01111011110011101101101110110000
11001010100010010011111001001111
01101100011101000101111100100100
01100010100010111100000010111111
01100011000000010101110100111011
01100101101011010111110101110011
01010001001011011011001000000010
01110101101001101111111001110110
11101000100010111100010101000011
00100011011010110000000101011010
10001110001101110001110011100011
01010010011101101111000101110101
11101001001011011001110100111100
00000000001010100101011000011100
11100000010000011111010101100000
01001001001110001111111000101011
00111111010010011000010010111111
01101101011110011010110001110000
01011100110000111000000111101000
01000000110000111001110111101010
00101111110010011110101000000111
11000101001000010011001110101100
00011101010111111100100010010111
01010101101111101101110000110111
11010110100010100111010110011110
10111010001111000111000000110011
00011101011010110100110001101100
10001101001010001110110011110110
10100100011000100001000010111001
01100110011000101101100110100111
01010010011110001010101010101100
11110010000100101101010010010011
10111101101111110111111010101111
10100000111010001010100001101100
10100011100101011111001011110110
10111101011100101000010100001101
11010011010000100110000111100100
10011110001010001101011111111001
11111101101101001001000111101010
11011001100001101100101111010101
11100111010010001101010000011001
11111111001100100101011000001010
10110010000011011011100101110001
11111110010100010001111001111011
00011110000101001001101010010001
01111101101110011100000110001010
11100101111010001001011110101101
11100000000100100000011111111011
01001000100100101011001110101100
01110100101111000110000110100110
10101011101111011001100010000100
11010100011011000100100111111101
00100010011001110010001000110011
11100110011000101011010001110111
11010011000011001110010010111110
11111000010010111111110001011110
11011111000001100110111010101011
00100111110001001011110100011010
11101110001010001000100101011110
10011001110010011001000101100010
10100100010101001011011111101000
00100101010010100000110010111001
01010110110101000100001110000001
10110000110110100111011101100001
00110101101010110111011111111111
00100111100101110000100100101011
00101110111011110001101110100001
01110101100100000101010101111111
00000110011010001111111111111011
01011101001010101010100011011111
00000111001011010010100010110110
10110100100101000100001000011111
01101010000000011111100001011010
00101100100001000101001011111100
00101111001001111100011001010000
01011111100110111000010010010100
10110110111011111111000100001000
01000101001111101100101101010111
10110001100010011000000000001101
10111101100101000001000110110111
10101011011011001101010011001010
01011010110011101000110110101011
10101010011010001110001010110001
00110110010111111111000000001110
10101011101000010111111001010000
11111101110100110001010110100111
11001101101101100111111100010000
01011000111010111010000110110011
00011100011111010001001100010000
01110110001010101010010011001011
11101110000101110001111001011110
10100001000010111011100011100100
11110011010010001110001011110000
01001000001101001100111110100110
01011001100111001111100100111101
00001010110101011110111000011010
00100011111110001110001100000011
00111110011111111101100010100011
00010001100101111011011010000100
01110011101110101111100101110011
01101001000100100110000100011011
11110010111011011000010011101110
01110101111100110000101011101000
11100101111110110100000111110010
10011001011110101001100110000111
01000100100001010000101101101010
11000110011100101000001001011010
11001101110000000110001000000011
00110100101110000011011000111111
10110000100100101110010111110100
11110000110010110100010111100101
01100101100010011101100000101010
11001101011101011100010100010011
11000101110000111111001111110011
01111111000011100011111110100001
10000100011111101000100000111111
00000000111101001000110011100010
01010110010010001110000111110000
10110001110001100011111011111101
00111010000101010100000101110111
11000111111000011001001101101111
11110110010101110111100110110001
10010111110100111100100001100100
00101110001111011011010000101000
11000010010101111100011100010011
11011110011101101110010111001001
10010011010101000110111001010100
11111011100011110111010110100011
11001100101011010010000100110101
00110010011000000000011001100001
01111111000111010100011100010000
11101101010111100101001010011100
00101001001011101100011110001000
00000001111111011111101011101110
11011100100110100100001100000001
11110101011000000010110110010011
11110111001011111100011010010001
01100011010111000100101101101011
00101001111001100111100111011011
10110000101011000100101000000011
11111100100001100000101011101101
00100001001011011000001101110000
11101110101111010000100101001011
10100100111000111100111101000010
11001100010001001111000001101101
00100011101100101010100010111011
10011011101010110011111000110001
10110001001111110010000110000001
11111001101110111100001100011010
11101010100110111100101101101011
10000001100011001001111101100110
10101101010011001001000000000011
11100001101101000000010010101111
11011100110111011010100011011010
11110101111100011010100100100100
11110101100000100100001110001110
11011010110111100001000110001100
00001000000001110000010000011010
10000101100111110111010101110101
11110000001110101101001000000001
10110011111011100100101001000111
11001000010111101110110111110101
10010110001011001110111010100000
01101110000110101100101110001010
10101011000010111101101111111010
11110110000101001100000100010011
00000000000001110000111111100011
11110110010111000100101101010001
10010110101111100100000011011110
10111000101010011001110101110000
11011101110011000001000111111101
11001001111000000011010010101110
01101011100001010110010011011000
10111010101100011101111111100000
01100110100001010100010000010111
11110110000110001000111010101011
11001110101001111010011001010001
11010000000001111000111000001011
01011000101100111101011111101100
01001101010101100000110101010001
10110100000110011011111000100101
00001010100100011001100011100100
01011110001110000010011110100100
10001110011111111100000101101001
10111011011100100010110110100110
11101010100000100101110100101011
01111001101110110110110010011011
00100010110001010011000001011011
11011101000010111011111111110010
01011010110100111101100111101001
01011100101110000010001001110101
01100101010111001011111110110010
11001000111000111110011001000101
11000110111011010101100101111000
10100010100110110011011110001111
10010100111010000010011010110100
11110100111001011101110100010000
01001100000100000111000011101100
00001100110111010001010011000100
10110100101011011000110010110001
11100111110101001001001111100110
00000000011110110011010101110000
10110001011111110110000100111001
00100000111011111100011101111101
10000100110001111101101010111010
00010000100011010100100111111110
00011100001010110000100010100011
00101101001001011000111101101001
00010001110110111100000100001010
01001101110110001010010011001100
11110111111101110111010100100011
11101101101100111101110101010010
10000011101000110010010000110011
00111111001100110100100100101111
00101100001001101111010000111000
01001000000100011001010100110101
00110011001101010011010001110010
01110111001111011101010111111001
01010100000110100111110000101111
00110100111001011100111010010000
01110010001111000110111101000010
11110100111110000010101000010000
11001111111110100110010111110100
01101101101011001111100101111001
01000101101110001001000110111000
10001101000000110111011101110001
10011110110111110110111010101110
01011111011001111110111111101000
00110000011101010000101011011111
11000110010011010110001110100011
00100110001011000111011110011101
01011011110000100100001100001110
00010100111001011001001101010111
00101011011010100010001111010001
00000111000100001011011111011000
00010100111000000001011010101010
10011111110111100110101001011100
00110010010010110101101100110000
11000001001100101011000101100101
00110010110010101001011001111010
11010100011101011110010001100100
10110001010000110100110100001101
00011001101101010110101111111101
11110110100011101101101101100111
11000000111111110011110111111100
11001010010001100111000101101111
10010100111001010010010100010011
01100010100001001001101100000101
10001110110001000101110011111110
10110001111111010000110101111111
10001100101111000010100110111101
10101111000011000110001100100001
01100010100011100100011111110010
01110010111000110010100010110010
11001110110010011010110101010001
01000110010001110100001000001000
10001111001110110110000111110011
10110011001111111010101001101010
11100000001110001100010000101001
10001100001001010001001010110000
01110100000101100010011011001101
01110110101011000111101111010111
10011010111011100100111000100100
11110000010100001110110001111011
11010111111001011110101011110100
10100011110101101010110011101111
11110101011011111101110110011110
01110000111101000001010011101111
11100111100100111101101100111110
00011100100101101101011101110000
00100010110001101000001010011010
01110010110011001111101110000001
11011011110000110111101110101010
01000000111000110111101110010100
11010001001010111110011010010111
11100001100111101001111101110101
11000011110000110011111111111111
11110011101011100111100010111001
10001010001101101110111010010100
10000111000110101110100110010110
01000000110110101110001111001011
10001111011011101010101011101000
10101011101100001000011101101000
01011011011100010111010101100100
01110110110100100110011001010100
00111010101010111011101001010100
10011110011110101110100001101101
11100000001110000100000110010001
01100011000111111110101101111111
00101011100000100100110000101010
11111111011011101111100010001110
00100111011011000001000011100010
01001010000010101010100010000100
01111001011111011000011000000011
01110000010101110100001001101000
11011000001011100111101110101010
00000010110100101010011001100000
10000100110010000111011001011100
00010011011001100110100100010100
01011101001010111011100110011101
00101101110000101101000100111110
11100001001100101111100100001000
01100011011001000011010110001011
11111100100001100000001110101011
10010100000111100111111110101101
10111101010000110101001100101110
00010011110101101111110000011011
00101110001011101000010110011001
00011111100010101010100100000010
10110010001111100101101000000001
10100010000011100111000110001010
11010010111000100110111101000110
10001011001010111011100010100001
00010001111010100101010101100111
10000010001101010100000100001011
11001110001100011101100010101011
11100100111110010110001110000101
10001000101100100010001110110000
00011100101011011110110010011010
10101110111100101101111011111011
11111010111011100001000110110011
11001100101111011110001001101101
01001101111110001110011111000111
10001001000001000101010010010001
11100111111001101001011010101111
00100110100100100000110000100101
01100100101100101100000010010001
11011111010111000010001001011011
11000111111011000010010100101110
01001111011011110110110000100101
00001001101000010100100010101000
00000000111010111111010000110001
00011111111000001111111001111101
00110111010010000110100010110111
10011011010100110110001010011100
11001010010111100111011000010010
01001011000010110011100010100110
10010101001101000001100101010100
00000101110101011111001111010010
00111000100111110110111000101011
01011111110010001111110111001101
11010100001010000111101011011110
00001100001111001001000110101011
00101001110010010100101011101101
01111010111100011101111100011100
01111111101000100001001100101111
01101010011110101011111101110001
01100010011001011110110101010100
01100011100010000111101011111100
10100001100011110010001101111000
10110111101011001010000100001101
00111100100111000111110000010111
11011110001111010101010100100011
11011011001110111110101010001101
00011010001011111100010001011000
10101000010001100110000110111010
00011010101000101001110011111110
00000111110011011000111011011111
11000010101011000010110000010101
00001100000011011001010100001010
11010000001100001001111011011110
01111011101010111010011011111110
10111010110010000000010001000010
10101111011110101011010010001111
00111001010110000111000111000000
01011100101100101010000000011000
01101110001001011100100001011011
10001110000110011111010101011101
01011011000010110101100101111111
00011111001101011001100000001000
00101100111010111100011000011110
11110000001000110110001100000010
00111100010011011000111111100101
01100110001010110111110100110111
01000011000100001110011111010101
01010000100110010001101011100100
01100110001110000101100110100111
11001011011011100011011010001001
11101001000001010101010011001000
10010010010100111011101110101100
00011011110111010001111000011110
00000001100000010010100010111011
10111001000001000100001010000110
00110000011010000101111010101010
01111001111101001011100111000100
00001101110110110111110001110001
10101010010110100111100101111010
01001000110001010111000110011110
11001111101010110100110110011010
11001101110110001000010101110100
01101100101001000111000010111000
00110100000000101110011111010000
10100011001101010101100111111000
11101010100101010011100010011011
11001100110101100011110000011010
10011101100111011111011110100001
11100000000100100011000100000101
11000000101011011100111010110100
01001001100101110000001101011101
01000000110100011001000111000010
00111010000110101100101110111111
01111000010011001010001001011000
10111110010100100111100100100011
00011100111011100111001000110111
00000111010100100001101111111110
10001110110011110000100011110100
00111010100010011000111100000010
10110110000100111010110110111010
01111011100000110101011001010100
10010101010100011101010000111101
00100000110100111011010101100011
11100000010101111110100001010001
01111010111001100000100010110111
10010011110100001011100011110010
01000001110100100000011111011011
10100110010011100100000100011100
10001111101111010100111011100010
10001011111010111011011111000000
10010100110101110001011101011001
00011010000010111101110011110000
10000000101000010101001101010011
00101010111000000001110110110011
01110011100110111000011011111010
01010101001001010110000000111011
11011110011011001101000001001011
01001000010100000100011001011000
01011011001010010101011010001010
01111101011101110001100011010100
11101100011011111010011111110010
00101100000011111010110000101101
01111010010001100101101010010110
00100000100110011101001100110010
11111000111110101111100110101101
01001000100101011111011100010100
11010011010010100001110010010011
01101010101101010011101111111011
10010110100100101111110001010011
10011011000101100000000110100010
00001101010001110101000101110100
00110101000000011110111000100100
00011011101000010100111101000110
10011110111110100101111110110000
10010011011010110011101011110000
01111111001111010100100010111000
01010000000010010100000100000011
00101110000000001001010000100111
00001011001101000100110010110110
10100001101001101000101001000000
01111101111001101110111110010010
01101001011111010111010111010100
00010101010001011100111010101000
01110111111011001000001010111101
11100101010111110100010001010000
01010100000010100110001111000111
11010001101010000001010101110001
01100100101001010001100001001010
01111011100110111011010110101000
10011000001001001010100000110111
00111001010000010111110111111101
10000010110111111110111001011010
10000101100010001000000111011011
10011110101110110000000110010000
11110100000001100100110100111000
10111010101110001000001101010100
11100011010001011101110011100101
00111011011010010100000001100001
11011000111011110000000111100110
11011010000111000110100101001101
01010000100001111101000100110000
00100010011111111100100000101011
10100001111111100001101101000110
01100101111011001011000011001100
01100010111001011011001001010001
11100001011110011101000100111111
01011000010111101111001011100010
00110110011000110011111100111010
11000110111110111010110000111010
10000011100011001100000111100001
01001001100011010101110101101001
11111100110111011011110011110011
10000001101010110100001101011000
00010011000110101111011010101011
11101000010110011110001111111000
01000110101101111001100001011101
01100100010000100110001110010000
00001110010000000110000010101011
10011011101110100011010110111000
01111100100111100011111001000011
10100110011110101100010111100001
10000000000100110000011110100000
11001000000100011010011000000011
11110010100111010101011001010000
01111000101110100100011010110010
00110001011111110110010010000010
00011010110010101111110000001111
11010111110001010101001100010001
11001110101001111111100111110001
00010101000010101000000100110110
01000001100001000010101000111010
00011000111011010011111110000010
10000101000101100111001110010110
10001011110011110010011100010000
11011100010101100111100011101101
01010100101100011000101110000001
11111101011011110001001011011111
00110000011110101011001110110001
11101110110000111000111011101001
10010010000111101110010101001010
11101111100100011001001110100011
00001001011100110100001111000100
01010101110100010111011001011011
01001100000111101110010001011001
01010110111011001101000111000010
10101011101001010000100010001001
11010100011110110010101100110011
01000011111100001001010101000011
00101000101110101010000101011100
00111111011101010000101111111110
01000000010000011011111111010111
11001001010110000001010100011000
10000101010001111001001001110010
10011101011010011000010001010000
11011100111011111001110110010100
11100100001101110110110100111101
11110010110000111111001000111111
00111111101011100100100011111111
11110011110100101010011111000011
00011110100101110110101100110010
11100100001110000000110110001100
11110101001001011100111010100011
10101001110001010110100010001011
01111011011101001011110011000101
10010110101010100000000010111100
10111001000001100001010110011101
01101111101111011001111100011011
00101101011001000110001011111111
00000100011111000010001111100100
00001010010101011101100100000001
10001110111011111011101101111010
11000000010100000110001000010101
00010110001001001010111101111111
11100101001010101100111001100010
01101010110001001101100110110111
11110111111001111101011011111000
01000010100001000110001101111110
01011111000001011110010011110001
01000101010101100101101001101100
10110111100010100100001110111000
11000100000101111111010101010010
10011100001000111100000101011101
10010101101101111001111111101010
00101011010110101001000100100011
01110010000011011011100100110110
00100100100000111001001001011111
10101001111110111001110010100001
01100000110000100101101000100010
11100100111111110110111100111001
10000101011110111001001101110001
11011011111100101110001000111000
01111100110111101110011100011011
10101001100011100000100001001011
00001001010000111100010111011011
01101110001100000010011111100111
11111110101101111001000011010111
00111010011000001001011100011100
00111001100011101001001001111000
01101011111000010101101111000010
00011110101010010010001011100010
10100100111010011100010101101110
00111000111011000010110001000101
10101111101010111011111100011111
00101110011110011001010110100010
11100101110011000000111000110111
00110101111111101110110011011101
01110100110111111001010100001011
01111001011000100001001111111001
11100011110111001100110101000111
00110101111101010001011110111101
11001111110000110101100010011101
00010010110011001001101101111100
10100110010111000011011111011000
00111110100100001110101110010101
11111110010110001110010100001110
00111100111111101000110001000111
10101011100001001000110101000010
01110100110101010111000100011000
11011011010000101000100100011100
11100101010010011011101110111000
10111110100000100011110010100010
11111010101011111100000110010101
01011110011010011110000101001001
10011101010000111111100001001111
10010000111000000100000001011011
00010000100101011011110001101101
11010111101111101011101001011010
11000110001101011010010111110101
11010001100000100010101101101101
01010001101011110111001010100001
00010111011010010110111000000011
00000111110100001110001000001000
10001011001001101011010011110010
11110110101010110001100110110111
01000010001100110000100011011111
01100000000101101111111100111110
11001100111001001101110110101011
10001101000110010011001000000000
01101101000010001110111000011000
11101101101101110010010100111010
10011111100010011100011111101101
01100000001011100011101101101111
00001011110111101010101010001101
11111111110101010110011000101010
10110101100010010110001010010010
01101000010000010110111111001100
01101100100010001111010011001110
01000010011110100000001001011010
01110000101100110001110000101001
01100101011111001010010100111001
00111110000101001000111011000001
10010110111111000010001100100101
01010111101011110101000011001001
11010111001010101000111111001001
10011001101010001101010100111111
01010010111111101100011000100010
11011001110011111000011100000100
00001101011001100000010110101110
00111111100010001100110100000111
10111101011010100111101111111010
10101111100110110001111000100101
11100110001011101110101111000100
11010010111100111100001110001011
10111001011111001111100110101011
10001111110100100000110110000110
11100110011110011101100101110111
00110101111100110000110010101001
01111101010110101010101111111101
00101111101010111001000001010001
11111100000000010100100111111110
00111111100110010101101001010010
11100010000101011111010011010000
00010000111011100010000010000010
10010111101111111110011011111011
01101001101010011000110000100111
10001011010111011001000001110001
11100110011110101000001011110101
11100010011110000110110101111011
00001100111110011111111000001111
11001011100011110100010101100111
10011011011001001010110110011001
01100010101101110100100001100011
00011110101110101010111111011001
10011110100111011011001110010011
01101101010010101011101110000000
01010100100000111111111101101111
11100110010100111111001101110111
00001010011110001011011001010111
11000011000011100100010110101100
10011100101011010011011011110110
00010101001111101011001001100001
00001011111111010101111100110011
11100000001011011010010111001011
11111001111010110011110010000100
01111001001010000111100100111110
00010011110000100010001111111110
10100100111111111001100110011100
00101011100010111100100111011000
10011000101111110001110101010000
00111110000010100011010101101101
10101110101110100010100110011011
00010100111011110010001101010111
00011101011100011110001110110010
11000010010111101100101011100100
