10101111100000101000011001001010
00010001000010010001111011100010
10000000000101010101011011110000
00010010011100010010001110001000
10010001001111100010101001110001
10000001111101011111111010100111
01001000100101110100110110101001
00100000000000111111000000100111
00000011001110010101001011011111
10010000001111011111100001010011
00110110000000001001100101010011
00100001101110010111000010110101
11000111000000100100011101001000
01000100100011000100000010110100
00010011110001011110100001001110
00111011111111001010111010010110
11100100100000100101100000010111
10010111111000111000010101000001
00010011000100001011100010001010
10000100101000001110111011011111
00101001011001010111001101001011
00001100100100011000000101100110
00000100111010000011000110101000
11000011011100101110101000000001
00001110101110011100011101111110
00011011001101000001101001010110
00110000001110110001000011100001
10011000001100100000000101110001
11101011000010010001110101011010
01000011101100001011000001100001
10100000110001100100000101000000
11101110000001101001000011010101
11111011110001010010001010000110
01101100110111010100111000110011
00101010110110010111100111110011
00001100010100001111011000010010
11111000010110110100001010111100
00000111100110111111000111110101
00110011010111011000011110000110
01111001011001000000010011011100
11010101000000010100010101001101
00011101011000000011100000110010
01001000001000110001011011101001
00001000100110000101010001001110
10011000010010010101010100001010
11000100011011111111011110001101
10010000000111011001011111101001
10100110110110101100110000100010
10110111010101000111000110111001
11001100100000101000000010101110
11000100110010000011010101111111
00000100011100001010010010000001
01010001010010100101110111000010
00011001100101001000101101011000
00001100101100111010000111001010
11110100101000000000111000011101
00110101110000001101001110000011
11100000010000100000000101000000
00110111001000000000111000001010
00110110000000000010100101111100
10001000101001010010101010001110
11110011101001100001011101101001
10101010111110011000101101010101
10001110011100000001000001101110
10001101001101110101100010100011
00001101100000100011000100001001
10011000000100000000000010110100
01101100101110000000111110000110
11101001110001101011110100011000
01110000000011100111001000001101
10101101110010111101100001011001
11100100000110000000110111100000
11001110010010100100000001101001
01000000111100101000010000011010
11010001001100000010010011010000
01001011101110000000100000000000
10111110100100000101011000111111
01000001111101001011011110100000
10001101101100101011010010100110
10101001101011001110111000110010
00100111000001101000001010100101
10000000000000100101001000000110
11000000101000011111010000000010
00000000110111101010100000110101
10011000000010101011100010000001
10001011101101011000010101110101
00010110000100010100001000101110
01111100100111100101110000010000
01001010101010001100000111010000
10000100110101111000100010100100
00110111101010100001010001011010
11010101100110001100100101000111
00110101110001011000100111010011
10101100101010011100111000000100
10000001001010001000000010101110
11001001001000011011111011010001
00011101101000011011010010110011
10000010110000010010101100010001
10000000100010110100011101011001
00101111001011001101111010101010
01110111010000001000011111000111
00100001000010010111001010011001
00100110111000000001000001111001
10001011010111111101100010111001
01001011010101001100001001000101
11001010011010011011010001011110
00110010000110000001000001101101
00110001001000111010111011101111
00000011010011001100010100010010
10101111111001011101111000101100
00101100011001010110100101110010
11110101000110000111110001010001
00000101111100001001000010000111
10111110100111100001111101000101
11101111100010010000010101100100
00100010110100111101011000011010
01001101011110101100011100100010
00110010001111101101110011010101
10110010111001101110001100000001
10001011100010100001110001101010
11000010010010000000000101110010
11000000010001000000010010010100
10100011000100001101110110110010
10010100101011100101011100011100
01101011100011010010010110100000
00111000111100110101111100111011
00000111111010001010111111000000
00011111001100001100001101100000
00110000101101010100011000100100
11101101100010100011011001100010
01000000101001100000001100000110
11101110000001111110000001101000
00010010010111110000010101000001
10001000111001011110110100110101
10011011000111000001110111110001
11111000111110000011101000111100
10000101001011100110110110010111
00010010100101101011100001010011
00100000000111100001001110010010
01100011010010111000010010000001
00100001101111100011111111101101
10001100101110110101111011101010
00000101111011111011010011010110
11010011100001000000011111100111
01001010011001000110111100011110
11001110110101101010000110001100
10110001111111110101010011101010
00010010110100001000010010111010
00111010000001110100101101001110
01110001100000001101110001010110
00001001001100100101010010111110
00101000000100011001001011001100
00100101000111100100000100011010
00000101111110001111000111010111
10000000001100101000010010000001
01100001101001101100001101011111
11010010000100011001000011111001
11111101000100010100000011010010
00001100101111000001110001010000
11010001000001111100110101001000
11111100010001011000100111111010
11010000000001000100010011111111
01100100010011110110110101011111
11010110000000101101110001000101
10110111000011010001111000010010
11110110001110011011011111111000
01000000000100010110100000001011
11001100111100110001101001000110
00111101001100100011010011000100
01000110110000010011111101001111
10010100011100000001110101000110
11001001110001101000001011101000
11101111110001010000110011001101
00001011010111101101100001010111
00001101001011001110011110010010
00000101000011101100010111110010
01001001101000001000101001000000
00100100110110011100101001001111
00010111101111000110001111101000
01011111101010000100001001001000
10011001010100011000000100011100
11000010000101011011011100101110
00001100101010100111111100010010
01011010010100000100000110010111
10011101010111001000000010110001
01011001010000000101100111011000
01000100001100010110001010000001
00010100101111111000111111100001
00110010000111101101100001110110
01110010011111001111111011001100
10010110101101010100001010111001
01011011000000101011001100100001
11010000100011110000101010100000
11110000011100110010110111101111
11011001010010001000001100111001
01111000001110111001011000010000
01111001010011001001100000110110
01000000110110001000111101110000
11000011100110100110010000101010
11111110001101011010111110001100
10011110111100100111101000100001
01110101011011101010010000101100
10000101100100000111110111110101
10011011001011001011000010111101
01111110011001000100001000110000
11101111000101000100000010010100
11010111000000100111000001101110
00100001010111111010011011101100
10000001000001001111010010101100
00101111101101100101010000101101
00101010010111111100100011100100
11010001001000101111110000001100
10111010101100111110001001011010
01001010111001000000011011001011
01101000100111010011111011010001
00010111111011011001100010101100
10100011001011111000011001110101
10100100000100010000001011101001
11101001000010010101000001001011
11010110110011101101001011001000
11100011111001110000101000101010
11010001011111011001101000110001
00011111011011011100110111010100
10100110000011110110010011111000
00000001010100110000000110101000
00101011001101000010110001111000
10000111001000111101011101001100
11001000000000100000100100001011
10010000000111010000101001101010
00010010000100000010101111000111
00101001110101000001000101001111
11010010010100100010110101101001
00101000000100000101101001100011
11101000001110111001001010100110
10001011100111000101010100000000
11001010111011010001000001001001
00001011100101011110101100100000
00010011001010001101100110110010
10010010011101010101101100110100
11011000010010010100001100010000
00101100001001010000000110111001
00000010110000111111101000010100
11010001001101011100010001110000
11111010111001011100000000100010
01010100101101110000000011000111
10000000001000011001100100110011
11111011100000111001110100000111
11111001010111110111110000000101
00010111101010000001100010001001
00011100011100010110110010000100
11101100100000000011011010100100
01000100100001000100011010000000
01010101100100010110100001000110
01010011010001101101110001111000
00101110010001010111100001110010
11000111110011010111000010101101
10110011000100110001010000100001
01100001001110000101110110111110
01000101011011001011101000000001
00100100000000001010000011101110
11010100000100011111010101000000
00100100010000000011010111100001
11101000101011000101111011010000
10010111000010000100001011011000
11100001010110000100100010101111
00110000010000011100010111000011
11000010110100011101111010101001
00110000010110000100000101000100
01111111010001001010110011100110
01000000011101011111011011100110
11110110000100110011111011110100
10100001101011011101100111011001
00000101100001111100100011100101
01110110001010110101011001010011
10100100110000110010101011110011
01000000001100111100111000110011
01100110011110101111001101100111
10011111000000000100110010111110
11111000000110010011011001111010
10000111100101111010000011100110
10011011101101100011001000010011
10000010001111011000000100000000
10101000110001110101000111001111
11000010001111000110110001010001
01110001010111000100110111001111
10111100100010000010111101001010
00111100000010011110101001011000
01101001000100100111111000101001
00001100001100000110000111100011
10000110000000111000001100110001
01010100010011100111000110001100
11011111000100011100010101001111
10110100101010100011110101010110
10101001010101110000001101100001
11000101000100111010000000011110
11110011000001111011110001001011
00010100100010100000011100010011
01000100101010011011010000010110
11100100001010000010110101110000
11001001011101100010011000000110
10100100010001000011001100111101
01111001011000110010100111101010
11000100001110100110011011101001
10011001100000101011011011001100
10000100100101100001010101101001
01111100010001100010001100111000
01110001001110001000101010100000
10000110001100100100010101000000
11010001111000110101101010100011
11111011110001101010010110111100
11111011110101111111101001101101
11010100100100110101010101010001
00100100000000111100010001010010
00000010101000000001111011110010
00011101011011110101110011010000
00111110010110011000111001000100
10001000011000100010010101110111
01111110011010001110000101010000
10000000110010100101110001110011
11010010011110111100101101000000
10010010011101111001110010001000
10010101001101001110000001010000
11010101100000001100000000110010
11101000000011000100000011011101
10111001011111111001101110010010
10001000100000100100101001100101
00100001000001111001001101001111
11100111110000000000001011010001
11101010100001100000001010100001
01011110000011000000111100100011
01000100101100001110010001001111
11100011010100111110100100001000
00011011001101111100010011011000
01111001001100001111010010000011
01000001110000011111001100001010
00001110001010111111100011100100
00101000101101110110010000000001
00000010000000101001010110100011
00010000001101110101010010011100
10000000101101001110101111110110
00001110111111001111010000100011
00010001001100110101001100101011
01111000001011010010101010101100
01001101111110000001010100100000
10000010010010100100100000110001
10001000011001110100000001101000
01101000011001111001110100100110
00001110000011001010110000110100
00111111011110110111110111110101
01001111010000011100010000000000
00000100111111101111010010010011
00001001011011101110100001100101
01000010000100000111101000010011
11100110010000000100010101000101
01010001101101101101010001100111
00010111011000010010000110010100
01011011000000011001101110011011
10011010101111000101010101001111
10011110110101100001001011010001
01001010001110110110111100010111
10110011101110110010001010010000
11000100100111101011101001000010
00011000000001001010010011010100
10010000001001001000100001011000
10011100110010010101101111101010
00001111101011010010110101010100
00101011010000100000011000101111
01111011111111101010011110101111
10000101100000111011001010111110
10111100000100000111110110101110
11000010001000001011110101100110
10011110000111000101001000111101
11110111000100100110111000110111
01101111000001000001001110010101
01100111110001101011100001010010
00101000011011011101110011011000
01110101101011110101001111110001
11011011011011001011010001111001
00000001001001011010010000000100
10100000001010000000100101111011
01110001100000000110101010100100
00101011000111111011101011101011
01000010011011110011100010010011
11001001000011100011011110000000
00000011000000010110000111010010
11001001110101010101010010001011
01000001010110010000100011000010
01101010110110101010101010111000
11011101101000001010000010000010
11000000010101100100010011100000
10001011011110001010000011111000
00101101010110000101100010011010
01011001101000001000111010010000
10001001000011100100101100011110
00110011100010001000000010101001
00110101000011111100000100111100
01001001100000100111010100011111
11101011010100001101110011101011
00010111110100101110011111001001
01000000101110110011100111011010
01000110110101110000010010000100
00100001100001000100010100110001
11001110110100000000001100011000
10101100111010010010010001000010
01111101101111111000000001101111
00000101001101111011110011100001
10111111101100010010101010101001
10011111101101111011001011111010
00101110010000101010011100111100
11100000101010011100000111000100
00110110000111011100001100111110
01001000111101101011100001000100
10101101100011010101010101101010
11011000000111111101000111110000
01011100000111111000101010100110
01100001001000110000001100111011
00100101001111001110010000000000
11000111000100000110000010101000
01010101111101001101101100011011
11110001000011001110001011000110
00101100010101000101010111000110
10000001100010111011010111101101
00100100111101011000101111000011
00100011001010000101111000110111
00101011011001100101001000111011
10011011011110010011011000001110
00010010111000010001101101100101
01000110000100110000110000100000
01011100110100010000000101111100
01000110000000011001101101010100
01111100111100100011000010110001
01010111001010101101000011101100
00100001110100011000001000110000
10110100000010011100100011000001
10000000010100100110000000111100
10101001100110000011001010100000
11010000110001110001000111000101
01011001000010010101111100010110
01101110111101101011001110010111
11001010111000011100100000100100
10010110110110011000001110010110
00100000000001010011111111111110
10000101000111100111010011010110
00000111100111110000001101011000
01101101100100101001010011111110
00111100000001110110101001011011
11101000001010101101100100001101
10000100100100010001101111100001
00001000101111101110110011010010
10010000000100011110001101000001
01100101111000101001001000101000
10000000001000011000011101100011
00011100100100001001010011000100
01010111001111011010000100111110
10101001111101010111010011100001
11101100001001011001010010000110
10000000110001000100001001001111
10101011001001100010010101000010
10110010010010001100110111110001
00011001010010100011011000001010
11011010111000001101010010111111
01100011111100111100110010101010
00001101011101101010010010010111
01011011011101010011010010011110
01010000101011001010000110000010
01100010101100100011111011110100
10011100110010011100000010110110
11000100100001101101110100011100
01010101001000011111011101110100
10101110111000110010010111111110
11110001100000110110000011100100
11011001111010111011110110000111
00010001000100001011000001000111
00000001110110101111101011000000
11110100101000111101001000000000
01010010010000010010111110011001
11111100000000010101000100111101
11000110101010011000011110011011
01110101100100111010001110110000
01100110000001011010001111000111
11110000100000100011001111101100
00001001100001010111000100011000
00000100100000100110001100101001
00111011010011001000011101010010
00110111010100010001101100100000
11011101001010001100001110101001
00111100001100111101101100111101
11011011110011111010101001101000
11011110111000011100101001000101
10011000010100011110000100000001
00101000001100111001111001000000
00010011000000110001101000001000
01010011001110001100001010101100
10110001111000110111000000000010
00110000010101000000001001101010
11010101101001100111111010000110
11000011000011010100011000001001
00100011101011100001011101000010
00111111011000011110111011000000
01110110110001001100000110010001
11000010100001000000001001010110
00110000011010100101100001111101
01110100001101110101001100001110
00101111110010101001011100010100
00100010001001011101001010111000
10001010101111100010100000110111
10110001111100100001101111011000
01111101111100111010011110101110
00010100100100110110101110000000
00001011011011010010010111111000
10011111001010011010000101011100
00100010110000001111001101110010
00100110100011111010001010100110
11100001001110000100010010111100
11010100001010011111010100000000
00111011011100001001011011100000
01011101000001100111011111100111
00110101011001110110100001010110
00001001110100111111010010000101
11011111011001001011100111000011
01100011000001101011001111001000
01010100011011100001001101110000
00000100110101100010111010100011
10111110011111100000110100100101
01000000000001010000011001000000
10001110001000001010011100011010
01000101000000001101011111010010
10010010101001000001011101001101
01110111100010110010000010000110
10000001110100001000100010110111
01000100001001101001011100100001
10110111010001010010010111101000
01110100011111100000100000110000
10110001000001000010001100011100
01000001000100010010001100001001
11101000011010011111110000110011
00100001110111100100110110111000
00010100100101000011001110001010
10110001010010111101100101101101
01010000010101110000000011011110
01000100001001010111000000100010
01010000100000001111000100000110
10100101000111001101010001001000
00001001000000010000000001001010
00010001011000111001001011100101
00111110000010110011010001111011
11110001000011100011101101110000
11000001000001111000010100001010
01000101000111000000001010001010
10001100000010111100010011101111
00100000010000100011000101011000
01101010111011101001010001010010
01100111001001100011011101000001
11000010001000000100100110111000
11111101100001000010101011010110
01110011100000110000110111001010
10100101010110100011101100101110
01011000100001100000011000111101
00010010001010010010010000000101
10010100100010000101101101010000
11000100001001000110010101011011
00111010100000111111110011100100
00011000001010010011001010000000
00010111000111111100001111110010
01001000010100100101010011101100
11101000011010001000001010100111
10010100100001000101011001010000
00111010100001000110100010110001
00111100101111111011010010001001
00010010011000000110010010001101
10000101111001001001100100000010
01001111010001101111001101111110
01001000010100011111011000011000
10001010011010001001100110001001
00001101011101101010111011010000
01100110000000010100011100011101
11011010000100100010101100000100
11010011100010010011110110110111
10011111101111000001010000110001
11000100010101110000011110001001
10110100100100110110001000000111
11010010010000101100011100110101
00111110000101000001000000101110
01010101100101100000111010101010
10011010001011001111000100010100
01001000010101001100001110001100
11000100101001001100010011001000
10100000000011111110000000110001
10011010100001000011111001101100
01000000010011001000100110000011
11011110001110001100010000001101
00010100000010110100010001011100
00100010011010011000111111000011
00110001011010001100001011011000
11011011000111010100000000110000
01010010101101010100111011101010
00100010011110000001100000011101
01000011110001110010101111010001
10011100010010011001110100000010
00011100101101000100001000011100
00011101101001110011001000101010
01101001100010010000000101001110
11000100001100001110100001011011
01010000100100111100100011101011
00101000100110010001010110000001
10011100100000000011001000100100
10010100000100111111010000010110
01100101110010110000110000101000
11010000100110011000001010011000
10001000011000110001011101001000
01000010101100010110001010011011
01101001000011100110001000010100
10010011111000100000100000001101
11100000000010100000100011010101
10010000110000010100010001000011
10110110110110111100011101100000
00010110011111000000010100011111
00000001011101100001000000000100
01110010010001110011101101001010
01100111001010100011001011101100
00001101000110010110111000001011
10001010110001100011000100110000
00110000111000110110100100000110
00111011000010011011000001100000
01000110010000101101011111010010
01010101101100000010111000000000
11111100111000001111101101001101
00010010101011010011100001010011
00001101101000100100100111111011
01100010111011110000110011000010
11110100011001111000101110000000
11001101001100101010000110010101
00001101110110000101010110001011
00001011111110000000110100100010
00010010000010011010110011111000
11111010001111001001010011100011
00010110100100101101101000010111
01010101010100100101000011110010
00000001001000001000110001101100
01011000101100101101101001000000
11011001101010001010000111111000
11000000010100101110000000001101
00011000100000010100101000010000
01011101011110011110011001000101
10011010100101010101001101000011
00010000000010100011001110010000
10000001100001010000000010101011
10001100110101001001010001000110
01010001010001011001010101110101
10111110111010111001110010100010
11001010010001100111110110110101
01010111000000100001111001011101
01010100001001000110100001000010
01001101011011010001110111101000
11101010100101010111111111010110
00000010111000101010001111001100
11001010010011000100010000101110
00000000011100001011100101101110
00100000000001100100010011110001
00010010000101110101100100111000
00100010000000001100000101111001
00010010111101000000000111101000
11101111001000110110101011110000
11101000001101001100000100110011
00101000011100101110110110000000
00101001011001100100011000001110
11111101000100010111010011111101
00001010111011110111010001101011
00011100000111011110001010100000
00011100000110011100001111100000
00100100000000110010000000010010
00000110011000100010100011101010
01100100011010100001000100010010
01110110110011011100010111101101
00000100010100100101010001011110
11011000011011000111000010001101
01000101110100101000010001110010
11010100110001001100001011110001
01100010011101000100000111001100
11000000110010000000010000001001
10100000011000001000111110011010
01011011100110000100100001101010
11101001101011100111001011010110
00110011100011011010010010110100
11000110101111010000001100110010
10011011110000101010001011011010
10010110001110101101111001001110
10101111001101010011010000111101
00101101110010000101001100101001
00100000000100101000111001100001
10010000100001110100110011110101
11000000001000000111010000111100
00010111001101111010011001111101
10100000001101000010111110000111
01000000001010110110100010000001
00100101110110010100000111010000
11000001110101001110011010001100
11110101000100101010001011000111
00001101000111000011001011010011
10100100011011010111000101111111
10011011010000101011010010101101
00000010000010110110001000010101
11011101000010101011110001110011
01001001101000001100011010000011
11010111000011000001110000100001
10100011111001010100010100101010
10011010101110011000101100000001
01100011110001001100011100110010
00111010001000110100000100010010
00000100000000101100011110000001
10110110011000110100110001101000
01110100011011000111001010001001
01101001010011001010010011001010
00001101100110111101110000000100
00001100111011010101110111110011
10111101100111001111011110100101
00000001100101100011011011011111
01110110101101100011111100010010
10010001010001111000100101000110
10100000101001001100010011111110
01100011100000010110011000010001
01111100001110100101110110110010
01110110001011101010111100111011
00001011000000101100001001101100
00100000011001001101110111110001
00101010000000101001111011011011
11010101000100010010001000000000
10011111110110000111110100101111
10101010111110000101001101001010
10110110111110001001101001110111
00101001100001101000011010001010
01101000001000000011010000110001
00001000001010100000010010111011
10010110000111001000100001001000
11000111000000001010010011011010
10000010000001101100010000101100
01001010100010001011000001110000
01010100001001111001110010000110
01001101001110001001001100010110
10010100000110101010101100010110
01111001000101110001100010110000
11001101110101100011100110011101
11001011000001010000000011010000
00010110000001101111101011010101
01100011011101011100010000000000
01001111010100100000110100101001
00000011001001110000111001000001
11011100010001001010100011100111
10111011001000101000000010111010
01101101000010101100100011001001
11101111100011110010101011111010
00110110100100001101010100111010
00011010111011001011001001100001
00111000010001000101001010001010
01100111000100010010111000010011
10101010100101001011010101110010
10100000101011010001001000010001
10011110100001010111101111111000
01000011011000111011111010011101
11110010011000000101000000101101
00110010001101110000111111100100
00010100011011001001110111000100
00010111010001010100011000011000
01011100011111111100100001100101
10010101001001101110110110000000
01001000000000011110001101001101
10010000001110001010001100000010
10000101011010000110011110001001
10000111011011111110001001000101
01101100100000001001111100100000
01100000000011111110100010101100
11111100000110101010010101100100
01011111000000011001001000100000
00100100000000000011110111110100
11010001111001101011001100011000
00001001001101011010011011010110
01101010001111000010110100010011
00100011000011100110000010000111
10000110000011010101011010001010
00010111100000010001100100000111
00100000101100100111110000001100
01001001100100010000101101001111
01011100000000100010101100000010
00000111100000111010000000111000
11011010000000111000001010011101
00110000000111001100010010000010
01101110101110010011001100110001
11000000110011101100110100000011
01011010000000101001101001101100
00100000011100010011110011100001
00011000001000001100000001000010
00101110000100011010011101001100
10010001010010101101011111011001
00000110111011110001101111000010
00110000101001001111011000000010
11111001001010111011011110001000
01100100111100000000001001001101
00010111110100111011000000111010
01011110010101000001010100100100
11001010011110111100100000000110
10011001101110000011000111110110
00011100101100000011010100001000
10011011010000110000100001000011
01010110000101101110001100101000
11100010100110101000110001100011
00011101101001110011010011010000
01110010011111011010111010000001
01100000100101001110010010000001
10010000010001000001001100011110
10011011101101111001000110010011
00011011110110001010011101001011
01000110100001111001110110100011
01110110000001110000100011100110
00011101011100100110001101111001
10110001010100001010000000010001
00000011001001010011100000110100
01010011011000001011000010000101
00010011000111101100010010000100
10110000001100101000011010010000
01101001101010001011011111110001
11001001101001110100100011101100
10000000000000111100110000000110
00001000100011100101101001101010
01100101000000000011000000001010
11010000001110000000000111001000
11011011101010011000111111110011
01000111111001000111100110100011
00100000110001111101110010001001
10001000001011000010000001011110
01000000101000010100100000010010
00001101000010000010000101001001
01001101000001011111110011110101
01001111101110001100101101010111
00111010101100010111111011110100
10010110110010000000001001001000
11111010100101000100101001100100
10100101000111100111001100010001
11010010101101100011000010010111
00101011000110110101011000000001
11011111101000100100011111011101
01010000010001101000110100011000
00100101101001111111010100101110
00001110010111100000011101101100
01100110010101011101010100000111
10011101001110010001101011000100
10111001011001110000011001100000
00010100001101001000111100100101
11100001001001000101000000101101
00010000001110001101001010101010
10100001100010100111111101100010
11110111100000000100001001001100
01010000011001010011010001110000
10001100111000011111101111001100
10000111000010001010001001000011
10000000011101100110101010001110
00000011001101000101000010010010
01101001001011010110000110110000
00001110001000101100010000111011
01000010100101100011110111000110
00101000100011001011111011010100
00110001110100101001000111000111
10000000011001011001010111001000
00010100000010001010011001000110
00011000110011110000010100000110
00110111100100011000000101100001
11000100100001111100111100010100
11011010000000111010100001101110
01100001001001101000000000000111
00100011000100111011001001011000
11100000100110010110010001010111
01100111001100100011000100001011
10010010101010010000010100110101
10000101001011010100101010000100
11001011100110111010010000001110
01100111110100100001000100010011
10110001110001101010100001110001
01101010110000000000100010010100
01110011101100000100000010001000
01010011011111101110011010001001
10001000111011100110100000100010
10011001110000101110011011110010
00010111110101000000010110011000
00111010000100001100001100001001
00100001001001110000101101110111
10010001010000001100001010001001
11100011110111110000111000001011
00000001010011101010010110100100
00100100000010100010100001000011
11001011111001001100011000110100
01000001010111000001000000101010
11110011111000100101011110100100
00000101000101100010001101001011
00001010010010101100100000110110
01110110111010000010110100011101
10000110111011111110011110000100
00010000000100000111011100010010
10100111100000010001100100000000
01110111101000100100100110100100
00000000010011010001110110001000
11010010111000011111001101010110
01010010110110001000010101111000
10011100110000101001101000100100
11111110011000100001001001000000
00100010101111101001100101100110
10000001000100111111111110001101
01110100101010100011111001011000
10100101101000101111101110000010
00011111011111001010010001010010
00101100100101101001011000110110
01011100000110010000100000000100
01001001011101000001000000000100
00001001001101000001001011010001
00010100110000000111101011011011
11111111100110001000101111010111
00101011000011000010001100010101
11001001111100000001101001010110
00010011111001000000000010110101
01010010101011100100000111010000
00000000100100100001001100001000
10010100011111101000001000010010
11100011111110011010001000100001
01000100011100100000100110001010
00000100010100010011000111101000
01001000011001100101001010110000
01111101011001111011011011101011
11100010101000001001101100000111
10010101000001110010101000101001
00010100001110000110100010100110
10011110011110000101111010001000
00000110011000100000110100010000
11001110010010011000000000110001
10000101011000100000011111100010
10110110000010011100101100011110
01011001010010011101111001111010
01001100010001010111000100011000
00000010011111101010111010001100
11110110001010110000111101000010
10100001011000101001010001000010
10001110111110011001001011110101
01110011000111011101101000000111
10000000011111000000101100111010
10000001000001011110010100111110
00110000001101111011011100101101
10001000010010000101010100001111
11100100000010010100111011101001
11100101010000100010100110000100
10110001000001001011101110010110
01000101100101101001011001101010
10100000101100101101101001100101
01010110100000011100100111100111
10000001100100001010011101011110
00111111110000101010101011111101
00100000100000101010011111001011
00111011011010110001010110110011
01000000011100001010010011110100
10100010101010001110011100010100
10010101010001011111110100110001
10001011110011110110111010011110
11000100001000010100001011110100
10001110010100100001110100000101
01100000011111011100000101011000
00000101110100000010100100011100
00000001111000000100111111110000
00111001000000101100110101110001
01001010101000011110100011100001
00100001000000111010000001100011
01001111011101001110011111010010
00001100010000110111110000100110
01101101010111100100110001100000
10010101110000011111100001101100
10000000111111001111100011100111
10010001001011010001001010100101
00111001101111000000100111010010
11001011001000101101100101101011
00110100111010010000000010001001
10010010001010001000101101100100
00011001100001011011010010010110
11001111000001100100001110011110
01011001100010111100001010111111
11001001100111110001111011001010
00110000011101001000110010110111
10110000110011100001001010101101
01010010001000001001001110111011
01001110110110000001101100101100
10000001111010101010000100001000
11010010001110110001011001100011
10010111100001110110001000000011
10110100000100011000011001111001
11100110100111101000001000111100
00100100010000100010111100000001
00100010100011110110100011110110
00101001100000000000010000100001
10110100000101100000001110001111
00100001001110000011000101010110
11000110101000010110010111110011
01010000001000000011101100100111
01111000010101110010011110010000
10011010100010001001111010010100
00110000010100011011110101110100
10010000000100100100110101000110
11011010110100011110101101011010
10001001010111011011110000110000
11000011001001010011011101001110
11101010000101001001100001101010
11000100010001000010101001000011
00101010010111100011001011100100
11000001110111101000100010001111
00010101011011000011110101001001
10100100101101100011110111000010
01000001010001110100000001011111
11101000111011110000001110100010
00011000100000110110000100111110
01001011001101011000001110110010
01100000010000010000000010001001
00110001010011100011111111000010
11000110110100001101011101001010
10101101101001100001101001001010
00111110010111101110011000111111
11101000000001110000100111110010
00111011100101001101111010000100
00011000001000010001010101100011
11011100001100100100000000011010
10100100001001101010001010100000
11110111011001001010000001010100
00011100000011010101100111011111
01011100111100100110000101101000
01101001100000101011111000111011
00111010010000111010000011001100
11000111100101100100010110001100
01101000001010010011000110101010
00001101110001110111101000000010
11111000111101100000001000010101
01000001101101101010111000101101
11101100001100011100100001100010
10000100100001001110011010011000
00111011100111101011100010110001
10000001101111111010101010100011
10111100011011100110110011011110
01000110001010010000000001011001
10011111001100001000100010000010
00011100001010010010001000110001
00000111001110110000000010001010
10001100100100111110101000100100
11001110100101001001010100001111
11010010101011111001111100100011
10110111011000000110000010000001
00000100100000101101001001000100
01000011000001001000011011000010
00101010011100101100101001100010
00000100100111110010001101100001
10000110000000001000011001001001
00000100001010000001000101111100
00010001111100100010100011101111
00010001110000000000110100100010
11000110100110101011110110000111
00001001000010001110011100101101
11001110000101001100100000000100
01111111000110011010001010010001
01111110101010001001000000100110
00011011000000110010000101101111
00010110100010000110110001011110
01011110010100000100100101110011
00011000011101101000100111000101
01101011000101101000110110111111
10000100010001011000101000010101
00110010010110011100001100011100
10100010000100000110001000000110
00011101011010010111001100110101
00110101011101000110100111010111
01001101100000001111111001101110
00010001001011110110001011101000
00101000110001110010100101000011
00100101010011000100001000110100
10010100011100111001111111001110
10100010101000000001100001000100
10000000101111100100110010001110
10100100110111000110110010000000
10111000101010000111000100000001
11101011101011000111110011100000
01000010011011100010100100111000
10011001010000000000100000001011
11001001101011000001111111110001
11011100110100101000101101110001
00010000011010001011010000100100
10000101111101000010001101001000
00101010011011111101010100010010
00110111010100110110011111010110
01000001111011011110101000001100
01100001000010100000101000000000
10101100000111011010000100110011
00000000001111100010000100101010
00011011010000010000001001101001
01100100000001000110011011111000
01011111100010110011000111111011
11011100000001000011011100011010
01000101111101010000111010111101
01010010101000110000010010001100
01101001100000010010101101011110
10001110101001101111001011000101
11101011111111000010000000001000
00101000100000111101001101100001
01110100101111111110100000100010
10000100110110000011110001101110
00001010101001001000100011011100
00001100101001100101100111110000
00000110101000010111111101000110
00101100001111101001000000000111
01000110110000000101001010100011
10100101011101000111001010010011
00111111001101011101001110110110
01001001101110000101101000001101
01001100111101101011100110100001
10000010000001101111000010100000
00010010001110001110010100001110
00000110110100011100000100100001
01001111010111011101010111110000
01000101110010001100111101011011
10111110111101101100000001011111
11010001001100100100100100000011
10110110000100001000110011101101
11010001001011011000100100111101
10000010010111000001000010011010
01101110101100100001101101001010
00100100001110100101000101110000
10001010100100101100000011110101
10100011000100000110101010101110
01101010100100110110111100010000
00000010001011011010001011110110
00110000100100001011000111001111
01011001101011101011100000100110
01111000001100000110001000111000
00001001010101010001110001010111
00010010010100100011110100001101
01000001111101010010001111000001
10110000010000010111100001110001
01001100101101000100011100000101
01010010000101000100011110100010
11101001100001011101010000100000
11100010010100000100011111001011
01001001000010000110100011100000
00110110110100101011110000111100
00111010010110111110111101000110
00101001011100100010011010001100
01100110011111100000001001101110
10001000001111000011101010110011
00010101111010010110101100100110
10101000011100101000000011100110
01000110110011111001001110110000
11100100001111100101100110110010
01101111001010110011111000000011
11001011111110000010011100100000
00000110000101001110011010101010
00110000100111000110101010001101
01010011000000001000100100000011
11110100011101100000100010101010
01000101000001110000111100101010
00110110100000010001011100011010
10110000110100110111011111010100
00000101111000010111110100101000
11010110010101001000001101001010
11001011101000010111110010100010
00110001111111001001000010111011
01100100000001000011000001000100
00011001001000100100001101011100
11001011001101010010010000100010
01011010111011000111111111100001
01110000100111110100111001001001
00000001101001000001000111100101
00001111100111000010110101100111
10010101111101001001011011101010
01011010110011110100100010010010
10101000100001000010010111110101
01000100011100011110110100010100
01101100110100011110000000100111
10001100000111001111101001011000
11001100111010000011011000100100
10000000100100110110001001100000
00110101101010001111001010000000
01101101011110000101100100000000
00010001011100101110011010110010
11001000101101000110110010110010
00101100001101010011110101110100
10101110101011110111110111111111
00001010001110010001111000110111
11110011001010010001101100010001
01100111000010000010100010010110
00011010111000101110010100000001
00101110011100010101010010000110
11010111110111001101101010101001
00010001101010101010111011010001
10110001100111000101110101010010
00111001011011010101010101000011
00011111000100010100011101010000
00100000000010010100111011010000
00100000000110010011000100000001
00001101100101100100000100010011
01010100110001011110001010101111
00000000011110010110010010010000
00111110101100100010100011111100
10101001001011001000000011110010
