01110000100011011101101110000110
10001111010010000010111011011001
11001011010010001100000101101110
10100100011101101110001110101011
11111001010111001000111100010100
01010110010000110100001011001011
01111011101110011010111011000011
11000101110011001011110110010111
00001011011000101110001101011001
00010000010101001101110100101101
00010111100101011110100011111000
11101011111100101100001100101000
10001101100100011001101011110010
00010101010111001110010101000111
10001101000010101001100111011010
10100011111100110110100010000110
00111110001110010001101101000111
10000011000010101110101100000000
11100011100110100010110111011101
00100110111111010101100010110010
11101111100000101110101111100111
10010110011001101001010100011000
00010110111110001000001011101110
10001001011111101100011000111011
10100111110111000111111000100010
10111001011001000101010000111001
10111110011010110100100110011010
01010100010111111111100101000011
11100111001100011000000110111010
01101000001111100110110100101010
11001001101111001011111111010111
01110000101111110101001011110100
11100101000101111111010010100001
10101000110101010011100101000011
11011000110100101110001001001110
10001100101100101111100111101000
10011111100100101100100011111001
11000101111101101111101110101101
10000010100100010110011111100101
10010110111000100110111011110001
10011001111010000011001010000000
11001110101111000111110001010000
00000010110101110011001100010110
00111000001010010011111001001110
01100100010111000000110010000101
10001011111111100010101011010000
10111101101110111010101010110101
11000010001000000101011101100010
00110011000101010000110000111110
10001010011110110010011100100010
11010010000000011100001101111101
10111011001110010011011100000001
11101111111111011100100010100111
01000010101110111001001010011000
10011111010111010100110000000011
11010111110010101100111000010010
10011010011000111001100011000011
11110011111100100001111111011100
00011011000101111010000010100101
01011010001101010010001101011111
11000110000010111000010101101000
10110001001111101010100010011000
01011001000111000100110001010101
01011011100111000111100011001110
01100111000011011001000001100101
00000010010000001110011101000000
01100000101000010001011100010011
01011010010001010000001010001111
10000010110001010100100111010011
00011101111001011011111101101010
11001101110111111100010001100101
01111110110100010111100101100110
11101101011001011100111101010010
00110011111110111100110111000110
11001010010110011101101001101100
10000111100101000110001010011111
00010001010101100100000110100010
00101110101010010111101100111111
10100000110101010110010100011101
00001010010010000100010100000100
00010100010010101001110100011010
00110101110111111010110110011010
01000000111100010010100000101011
00000100101010011000101100001110
11111011101000101111111001100100
01101001100000001011001110000010
10010010001011011001101010100111
00000011000000001010001110110100
10111101111011111110010100101010
11110100010111010101011001100101
01000101111000010100111101101010
11101011110100111010111010100001
10011101110100010001100110100010
01000000111111011000101011110100
11000111001111111010001101101011
11101000111101101010111100001010
11100011101001001010101010010010
11111001111100101011100101100110
00101111101111011011011101110011
11110110011011110111111101101100
11110111011001100001000100101001
11011001000011010110010110100101
11101100011000101001010001111110
10111100101001011100110010101111
11010000110111110011001101111011
01101100100010010011110010000101
11011000011001000000101011010100
00101010001001100000110000100111
10110101101100110111101011111001
10101111111101000111111001001101
10001110110101110111110000011001
01111111111100101011110110110100
01000100011100011000111000011111
11001000111111110110010100111001
11001101011101110111001110111100
01110111011101110110110011110110
11110010111010000000100000011111
00010111011011101100111011111001
10000100000011001000101011100101
11000010010110011000110110000111
00100110100001111101011101111000
10101011101010100000001011110110
10110011001010100000011001111000
01110000000011110011010110001100
01011010100001010111100100101101
11001110001000001111110001111110
00010101110100000011010110000101
11001010001100000011110000100100
11111000110010110100100101011110
00000000000001010101010110110110
10110010000000100010000001001011
11101001000000010010101001001001
10011000111100111001110010111110
01011011111111100010011111000011
11000110110000100111001000111011
11101001011101000111101001011001
00001101110100111010011101110111
01010000010011010101001111100001
01011100111110100100110000100010
10010010001011111110010001000000
11010111011111101011001111111100
10100011001101011110011011100111
00001000111100110010110010111111
10111010110011001001000010001001
10000110111111001010001110011011
00100111001010011110000111110001
11010011010101011100100001100001
01000011011001011111011001001000
01100011011100011101100100100001
01100111001000110100000000010110
00110010000011110001101101110101
10000011000111101010010011000000
10101001001111100011110010011110
01100001010010110111011111011101
11011010101100100010000000101101
01101010001000001001001011100000
10001111110101110100110101010111
00111000110010111001010111000000
00111100111110010101110100011111
01110111111011111101111110111111
00010010001110010110011101110001
10011000111111110010010100001001
01011101100000110110010111111010
10010110111110011111011100010101
00110100100000111100000111101111
10100101011110110101101101110100
00101010001101001001110110001111
00110111001001110011110111011111
01000111100000101100010110101100
00000010010100111101100111101001
00111110010010001101010000100000
01010000110010010011110100010010
00010011110111110000100010010000
00100101011101001101011011000110
00001111110001111111110110000101
10100001011010111110110011001100
10010001111011000000000000111100
10111100010110010000001111010011
10110000011010000111100000110101
10101100110100010000000101111101
11100100011101011011000000000000
11011110000100110111001111011101
10101100100011011111100000110010
11100111001111011000000111111111
00010101011111000011100111000010
10000100011100101010101001010110
00101111111011010110001101101101
01100000100101011100101001110101
11011001011001010101111100001010
10100000000001110100011001001001
01000010001000101110101100110010
00011001101001011010010011011011
01100010011111101011110100010000
10001001000110000100000100001101
11010011001101101101111010101000
10000010101011001000011011110010
00001110000001000100110011100111
11010010101001001110101001111100
11010111011011110111011110001011
10000100001100001001010111111111
10100101001001010000010010001101
10100001101100010010101001101110
01001110111010111101001010010100
11001101100100001010111000100101
00101100010010010011011101011111
01101111100110001011101010101110
01001000010010011110110101010111
00101110011101001011000001010101
10010000000101010011011010111101
00011110010001000001111010010111
01010011111010001000011110101000
11000110111101100111010001010110
10000000111001111111011100001000
01100111110010000000000110101001
01101000010100100100100011100011
11010011000111110100010010100010
01010001010101100001110011111111
11010100110101000000001110100001
00100011001011010100110100101101
01010111110111101000010101111111
00010000011001101001110100101011
01111100000110111000110101100100
10110111101010110100111010111001
01010101000000011111100111011001
11001000110100000110010100000000
10110001100100010100100101100011
10101000000111000100101001101110
10001010001001001110100100000111
11010011100100111111101100001010
11110011101000110110101000101111
10101110010100111000001110000011
11110011001111101010000101110110
00001010010001110111000011100000
01011111100010110001000010101001
01000111001000110010110111000100
01111011100001110111101100001101
10101000000000111111100110111101
01100100000000010110011001100001
10010111000010110101011011110100
00001111010111100000110001111001
10111000011111001111110100011010
01110100110101100111011000001100
11011101000110110100111000001101
01100111100001111111100011101011
10101001001101000000010101100100
10000100110000111111001111101011
10010101010000001100110011100001
01110010101110110011101100001000
01111100011110001001000111001111
11110110010011110110110000111111
11011000001001101100001111000010
01100011110001110101100100001101
11001110011110100100000001000000
11011110100100110100100000110000
00000000010011001111010001101001
10111011101011110100000101011011
11011111011111100011011010111110
11011111001111011111011010010000
01011011000011101101101000101101
01010110010100110000000010011010
01101000101100100110100010011100
11111110111111010011100010111100
11111111011110001100000001011001
10110110000000110111000110001000
10100011110011011100010110100111
10110000101001111000001011000101
11101010110011010110110101001101
11100010010000101111001001100001
01111010000001110001110101010100
01000000000010000101001011011111
10000101011110111001011110010100
01101011000010001111011010110011
10011011001100111011101000011011
11011000011101111010001011111100
01010011100000110100001100100000
11010101110101100001011011101100
01001001111001110000100000110011
10101110110101110001100101101011
00011110111011100010111101101101
01110001010101101010010011010101
00111010111101010000000010111001
11100000001001101010000110100001
11101111010010111001001001010011
10000001100011010001111000110011
11110010001001001100000000000011
01001000010111110101001100011110
10000100000011000010101100010000
00000011011010010100101001111000
01000000110001000110001011001100
11011101011100010111001110000000
10110010101000101100010001000000
00000011010011110101010001001110
11011110000100111111110010110111
00001110111110101110100010111100
10101100011011010101001110101100
11110110110100010110001101110111
01110110100111011110110001101111
01000111010001001011010111110100
01010000000010101111000001000001
01001001010100001110110101111111
00000110000011111101111011000111
10110100110101101011111010111100
11001000000111100001010010100110
01001110101011001010000000100001
01010110010111101110001110000101
11111110001110011111001110100010
01100110001000110100110000000001
11011110100000101011110010101001
00101110100111100111101011000101
10011011101101101110011001111101
10100010010100001000011111111001
11111000000000110101100111001010
11010000101111100111100111010101
11110010100001111101000001110001
11010000000001000001111001011111
11010111001011110010111011011101
00100011100111001111010000100011
11110110001100100101011001110011
11011101010010110001111010010111
10010011110011111110001000111100
01100110011011001000111010101100
11101000100101010111011010100110
01110110101111111111000100111011
11110110100100000100000011001110
00100000111011011011101100010011
00111011010110111011011110010110
01000101011110110000100001101110
01010110010001111101110011110100
10110111100010110111010110100111
10111101010110001000011010101001
00100011010110110011100010011011
00110011000001010000111101010001
01011001011000101100011110000110
00011110101110011010010010011001
11101100101101111000100101010010
10000011010001100001101000001000
10001100110111001000010110110010
10011000010110101011011000010011
01110111101100101010100110111010
01100110011110100010110001111110
01001011010001010000000101110111
11110110100011000011110111010110
10001010101010011101111111100100
11011000111000101100101011110010
00011001100110011110010000010000
10010000010010001111100111000010
00001111011101111001000000001010
11011111000000101001100110100110
10111010101101111000100011111111
10110001101000101010101001000000
11100111011111111011101111010111
11000101001100101101101000011000
10101100101101001100101111010100
11011000110011011110000111001000
00001010101101010101110111100001
10011011000010110011011100111000
10001110100100011011010110111110
01011010011110100000011010001000
11110010110010010011001011010101
11110011110011001011110111011011
10101000011001101011000101010010
00010110111001010000110110001101
10111001010100011101100001011011
11000111010010101001010110011111
10011110010111010001011110111001
10100010010001101100111001000101
00011010111111100001110000110010
11000011110101100111011101000000
00001001000000101011110101111000
11110011011001001100110100000000
11110001100101111100000010100101
00011000001110110011100011001010
00111100010101000010111001111100
11100001001010111110010010101111
01000111000100110111111111000111
11111011100010111110010001101111
11100101000000011101001000001001
01101100011110100101011110101011
01100000100010011110001111001000
01100100101011011001101110101101
11000111100111101100011100111100
11111011101001111011010000011101
01101101000101011100001111001100
00100111111111100100100011001101
00111111111100101100010101000110
01100001000001011001010111001001
01000001100110101001100111100110
11110111011111100110110001001000
10111111001010011101000101010000
10011110101011111100100001110000
11111011000110101101110011111100
00101110011100001101100000010011
11110000011010011101110001101001
01010011110001000110011111100001
11110100000000011011011100011101
11001110011000100011000101100001
10101010111101000000011010000110
11011101011010001101111000000011
11101111111110011000101111101100
11100111110000001010111110111000
00100011001001111101110011111101
01000010110011110000101101110101
11110000010101001110000111001010
10110011010010010110011001111110
10100100001101011110011111100000
10100101110101110101011000100001
10110011101010110000111110001110
10011001100101110010101101000000
00000010001111010101010000000010
00110011011111100011111111101110
00010010001010001111011111111101
11010111110010100101101100110101
10000000100101111011101101011100
10110100111110010110011101100111
01000010000000101011100111101111
01010001000001000010100000111101
10010001000110000001110101000001
00011111100000011001111010111101
00111010010000111110011111100111
00010100000011001111011101111100
10001110101111000110101101011011
00000110111001000001111100000001
00001011010001000101100000101111
00101010110101110001111010111011
11100100010101000110101011100100
00000100010001010011100010110001
11011000000101000111100011010111
00001110000111101111000111010001
00101000000001110011100100011101
01110111001001110010101011101100
11111110100000110011001111010111
10100010010011111000011101001010
11000010111010010110010010101100
00011100100011111111101110100011
10100011000000101100101000011000
01001101100101001011011010110000
11001111111101011101110010000101
10011010111010001110110100010010
10111011000001001110101011011111
11101010110101010011011111010001
10000100001000000001010011110000
01110101111010101010100011000100
01111110101011101110110000001101
10101100100101000101001011110101
11001000110110011000001011111110
10110101011010010010100010000011
10001001001101000111001110011101
11101000111111010110111111001111
00010010100011000011001010110010
01010111011000110101000011101000
10001000010111001101111110011011
10100101100011011000111001111011
01100011000001111001100011110100
10111111101111011001011110111100
01011010110100001101000111111110
11011101101111110111101000000010
10111111011111100110000010000111
11111110001001110011010011100100
01010000011110110001110011110110
10101000110111111000011001011010
11110100101111101110111010001000
10000001100100010101011101010001
00001011011000110010001100111110
11001101110000011011111111000011
11100101110100010101111110001111
11100000011111010011001100110111
11001011010011010110110100111001
01001110011100110000111000001100
11100101001101100111010100101000
11110100010000101000000100010100
10011111010001100000001101010110
00110110101100111101111011100001
11110101100001001100010101010011
00010010011110000000101111111100
11001100110110000100100000111001
01111010101000111011011010000110
01101100111111101001101101011110
11001101011111100011100111101010
11111101111101001010110000001000
01010001001110000001111110001010
01000011010010111010000000111110
01011111010001010010001110011000
10111000011110000111010100010110
01110110010100110010001010000001
10011111111011100100010111111001
01010001011101101011101011000110
00110000110010100110111100100000
01100000000110111101111001000100
11101100111011111101111111110000
10010000000101101000010000001111
00010010101011111110100000011000
11010010000010110100110111011110
00101010110011111010001001111010
00110010001101010011111001110010
10000011101000111011000101000100
00000011010100111100010111011111
00101101011100001101011110100000
00011101001110010101010100110110
11001111000001101011000011100110
00111101100110010011011111111001
00110100101000101000101010110000
11010010001011000010011001010111
00110101001111000101000111100110
11010010000000100111000100000010
00000101101000011010111000110000
10110011000011001000011101000111
01111011101110000100000011110000
01111001100111111010001000100011
00101101000011101011101111001100
01001111000100111111011000110100
00011100001110101101000100001100
01011101110100011101000000000011
01001010001011100101001101110110
00011010000100000110010000010011
11101111110111001110011101100000
10010010101010100000101110001001
10010101011001111100100010001110
00110000010011110101001110001010
11100101001000100011101101100011
10010001011110100110111011010001
01011101001001000100110111110101
10110001111010110000011101000011
11111110011111111011010111110001
10000011011100001110100100111011
01110110001010011111010001110010
01110011111000111111100000001011
10111101111110100011111101000001
01010001110110001010110000001000
01111010110011101101101110110000
11011010100010010011111001001111
01101100011101000101111101000100
01100010100010111100100010111111
01100011000000010101110100111011
01100101101011010111110111110011
01010001001011011011001001010010
01110101001001101111111001110110
11001000100000001100010101000011
00100011011011110000000100111010
10001111001001110001110010100011
01110010011101101111000101110101
11101001001011011001110100111100
00100000011010100101011000010100
10100000010000011110010101101000
01001001001110000111111000101011
00111111010010011000010011001111
01101101011111011010111001110000
00011100111000111000000111101000
01100000110000111001110111000010
00101111110010011110001000000111
11000101001000010011001110001100
00011100110111111100100000110111
01010101101111101101110000110111
10010110100000100111010100011110
10111010001111000111000001110011
00011101011011110100110101101100
11001101001010001110110011110110
10100100011000100001000010111001
01100110011000101101100110110111
01010010011110001110101010101100
11110010000100101101010010010011
10111101101011110111111010101111
00100000111000001010100001101100
00100001110111011111001011110110
10011101011100101000000100001101
11010011111000100110000111110100
10011100001010001101011111111001
11111100101101000001000011101011
11011001100001001100101111010101
11100011010010001100110000011001
11111111001100100101011000001010
11110010000010011111110101110001
11111110111100010000110001111011
10011110000101001001101000010001
01111101101110010100000110001010
11100101111000001001011110101101
11100010000100100000011111110011
01001000100110101011001110101100
01110100101111000110000110100110
10101011101111011101100010000100
11010100011011000100100111111100
00100000011001110110001000110001
11100010011100101011010001110111
11010011001011001110010010111110
11111000000010110111110101001010
11011101000101100110111010101001
00100111110001001011110100011010
11101110001010001000100101011110
10011011110010011001000101100010
10111100011101001011011111101000
00100101010010100000110010111001
01010110110101000100001110000001
10110000110110100111011101100001
00110101101010110111011111111111
00100111100101110000100100101011
00101110111011110001101110100001
01110101100100000101011101111111
00000110011010011111111111001011
01011101001010101010100011011111
00000111001011010010100010110110
10110010100101000110001000011111
01101010100000011111100001011010
00101100100001000101001011111100
00101111001001111100011001010000
01011111100110111000010010010100
10110110111111111111000100001000
01000101001111101100101101010111
11110001100010011000000000001101
10111101100101000011000110110101
10101011011111001101010011001010
01111011110111101000110110101011
10101010011010001110001010110001
00100110010111111111010000001100
00101011101000010110110001010000
11111101110100110001010110100111
11011111101101100111111100010000
01111000111000111010100110110011
00010100011111000001011101011000
00010110011010101010011011001011
11101110000101110001111001011110
10100001001011111011100011100100
11110010010011001111001011100100
01001100001101001100111110100110
01011001100111001111100100110101
00001010110100011110111010011010
00100011110110101110001100000011
00111110011111111111100010000111
00010101100101111011011010100100
01110011101010101111100101010011
01111001000100100110000100011011
11110010111011011011010011101110
01111101111100110000101001101000
11000101110110110100000111110010
00011001011110101001100110000111
01000100000001010000101101100010
11000110011110001000001001011011
11001101110000000110101000000011
00110100101110000011011000111011
11110000100100101110010111110110
11110000010010110001010111100101
01100101100110001111111000101010
11001101011101011100000100010011
11000101110000111111001111110011
01111111000011110011111110000101
10000111001011111010000000111111
00000000111101001000110011100010
01010110110010001110000111110100
00110001110101100011111001111101
00111010010101010100000101110111
11000111101000011001001101101111
01110110010101100111101110110001
10010111110100111100100001100100
01101110001011011011010000101000
11000010010100111110011100010010
11011110011101101110010110001011
10010011010101000110111010110100
11111011110011110111010110100011
11001100101011010010000101110101
00111010011000000000011001100001
01011111000110010100011100011000
11111101010111100101001010011000
00101001001011100100011101001000
00000001111110011111101011101110
11001100100110101100001100000001
11110001011000000010110110010011
11110101001011111100011010010001
01100011010111000100101001101011
00101001111101100111100011011011
10110000001011100100101000100011
11111100100001100000101011101101
00100001001011011000001101110000
11101110101111010000100100001011
10100110111000010100111101000010
11001100010001001011000001101101
00100011101100101010100010111011
10010111101010110010111000110001
10110001001111110010000110000001
11101001001110111100001100011110
11101010100110111100101101101111
10000001110011001001111101110110
10101101010011001000000000010011
11100001111111000000010010101111
10011110110111011010100011111011
11110101111100011010100100100100
11110101100000100100001110001110
11011110110111100001000110001100
00001001000001110000001000011010
10100101100111110111010101110101
11110000001110101101001000010001
10110011111011011100101001000111
11001001010111101110110111110101
10010110001011001110111010100000
01101110000110101100101110001010
10111011000010111101101111111010
11110110000101001100000100010111
00000000000001110001111111100011
11110110010111010100101011011001
10010110101111100100100011011010
11111001101010011001110101100000
11011101110011000001000111111101
11001000111000001011010010101110
01001011100001010110010011011000
10111010100100011101011111100000
01100110100110010100010100010011
11110110000111001000110011101011
11001110101001101011011001010001
01010010000000111000111000001011
01011000101100111101011111100100
01001101010101100000110101010101
10110100000110010011111001100101
00001010000100011001010011100100
01011110001110000010011110000100
10001110011111111100000100100001
10011011011100100010110110100110
11101010100000100101110100101011
01111001111110111110010010011011
00100010110001010011000001011011
11011101000010111011011111110010
01011010110000111100000111101001
01011100101110000011001000110111
01100101010111001001111110110010
10001000111000111110011001000101
11000110111011010101100101111000
10100010100110110011011110001111
10010100111010000010010010110100
10110100111001011101110100010000
01001100000100001111000011101100
00001111110111010001010111000100
10110100101011011000111010110111
11100101111001101001011111100110
00000000011110110011010101110000
10110001011111110110000100111000
00100000111111111100011101111101
10000100110001111101101110111010
00011000100001110100100101111110
00011100101011110001100010000011
10101101000001011000111101101001
00010001100110101100000100001010
01001101110110001010011011001100
11110101111101110111010100100011
11101101101100111101100101110010
10000011101000110010010000110011
00111111001100110100100100101111
00101100001001101111010000111000
01001000000100011011010100110101
00110011001101010011000001110010
01100111101111011101010111111011
01010100001110100111110000101111
00110100111001011100111010011000
01110010001110000110111101000010
11110101111110010010101000010000
11000111111110100110110111110100
01101101101111001111100101111001
01000101101110101001000110111000
10001101000000110111011101110001
10011110100111110110111010101110
01011111011001111110111111101000
00110000011101000000101011011111
11100110110111010110001110100011
00101110001010000111011110011101
01010011110000100100001100001110
11010100111101010001001101000111
00101011011010100010001111010001
00000111000100101011011101011000
00010100111000000001011010101010
10011101110110100110101001111100
00110010000010110101101100111000
11100001001000101011000101100101
00110010110010101101011001111010
11010100011101000110010001100100
10110001010000110100110100001101
00011001101101010110101111111101
10010110100011101101101101100111
11000000011111110011011111111100
11001010010001100111000101101111
10010100111001010010010100010011
01100000100001001010101101000101
10001110010001000101110010111010
10110001111111010000110101111111
10001100101111000011100110111101
10001111000011000110001100100001
01100010000011000100001111110010
01010010111000010010100010110010
01001110110010011010110101010001
01100110010000110100000000001000
10001111001110110110000111110011
10110011001111111010101001101010
11100100001110010100010000101001
11001100001001010001001000110000
01110100100111100010011111111101
01110110101011001111101110010111
10011010101011110100111000100100
11100000010100001010110000111010
11010111111001011110101011110100
00101001110101101010110010101111
11110101011011111100110111011110
01110000011101100001011010101111
11100111100100111101110100111110
00011000100111101001011101110000
00100010110001101000001010011010
01110010110011001101111110000001
01111011110000110011101110100010
01000000111000100111101110010100
11010001001010111110011010010111
11100001100111101001111101110101
11000011110000110011111110101111
10110011101011100111100000111001
10001010000101100110111010000100
10000111100110101110100110010110
01000010110111101110001111001011
10001111011011101010100011100000
10101011101100101000011101101000
01011011011110010011010101100100
01110110110100100110011001010100
00111010001010111011101000011100
00011110011110001110100101101101
11100000001110000100000110010001
01100011000111111110101101111111
00101011100000100100110000101010
11111111011011101111100010001100
00100111011001000001000011100010
01000001000010101010100010000100
01111001011111011000011001000011
01110000010101110100001001101000
11011100001011100111101110101010
00000010111100101110011001100000
00000100110010000111011001011100
00010011011001100110100100010100
11011101001010111011100110111111
00101101110100101101000100111110
11100001001100101111100100001000
01100011011001000011010110001011
11111100000001100000001110111011
10010100000111100110110110101101
10111101010000110101001100101100
00110011110101101110010000011011
00101110001011101000010110011001
00011111100010101010100100000010
10110010001111100101100001000101
10000110000011100111000110001010
11010010111000100110111101000110
10001011001011110011100010100001
00010001111010100101011101100111
10000010001101010100000100001011
11001110001100011101100011101011
11100100111110010110001110000101
10001000101100000010001110110000
00011100101011111110110000011010
10101110111000111101111011111011
11111010111011100001000110110111
11001100101111011110001001101101
01001101111110001110010111000111
10001001000000000101010011011001
11100111111001101001011010101111
00100110100100110000110000100101
01100100101100101100000010010001
11011111000111000010001001011011
11000111011011000010010101001110
01001111011011110110110000100101
00001001001000010100100010100000
00000000111010111111010001110001
00010110111000001111110011111101
00110111010010000110100010110111
10011011010100110110001010011000
11001010010111100111001001011010
01001011000011110011100010100110
10010101001101000000100101010000
00000101110101011011001011010000
00111000100111110110111100101011
01011111110010101111110111011101
11010100001010000111101011011110
00001100001111001001000111100011
00101001000010010100101011101101
01111000111100011101111100011100
01111111101000100001001100111111
11101010011110101011111101110001
01101010011001011110110101010100
01100011100010100111101011111100
10100001100010110010000101111000
00110111101011001010010100001101
00011100100111000111110000010111
11011110000111010101010100100010
11011011001100111110101000001101
00011010001011011100010101011000
11101000010001100111000110111010
00011010101000101011110011111110
01000111110001011000111011111111
11000010100011000010110000010101
00001100000011011001010100001010
11010000001100001001111010011110
11111011101010111010011011111110
10111010111010000000010000000110
10101111011100101011010010001111
00111001010110100101010011001000
01011100101100100010000000011010
11101010001001011100100001011010
10001010000110011111010101011101
01011011000010110101100001111111
00011111001101011100100000011000
00101100111010111100011000011110
11110000001000110110001100000010
00111100010011010001111111100101
01100110001010111111010100110111
01001011000100011110011111010101
01010000100110010001101011100100
01000110001110000101110110100111
11001011011011100011011011001001
11101001000000010101010101001000
10010010011100111010101110001100
00011011110111110001111000011110
00000001101000010010100010111011
10111001000001100100001010000110
00010000011010000101111010101010
11111001011101001011100110000100
00001101110110110111110011010001
10101010010110101111100101111110
01001000100001010111000110011100
11001111101010100100110110011010
11011101110110001000000101110100
01001100101001001111000010111000
00110100000000101110001111010000
10100011001101010101000111011000
11100010100101010011100010011011
11001100110101100011110000011010
10011101100111011111011110100001
11100000000100100011000100000101
11000000101011011100111010110100
00001001100100110000001101011101
01000100110100011001000111001010
10011010000110101100101110111101
01111010010011001010001001010000
10111110010100100111100100100011
00011100011011100111001000110011
00000110010100100000101111111110
10101100110011110010100011110100
00111010100010011000111100000010
10110110000100101010110100101010
01111011100000010101011101010100
10010101010000011101010000111100
01100000110100111011010111100001
11100000010101111111100001010001
01111000111001100000100010100111
10010011110100001011100011010010
01000001110100100000001111011001
10100110010011100100000100011100
10000111101111010100111011100010
10001001111010110011011110000000
00110100110101010001011101011001
00011010000010111101110011110100
10000000101000010011001101010011
00101010110000000001110110110011
11110011000110111100011011111010
01010100001001010110000000111011
11011110011011001100000001001011
01001000010100000100011001011000
01011011001010110001010010001010
01110101011101110001100011010110
11101100011011011010011111110010
00101100000011111010100000111101
01111010010001100101101010010010
00100000110110011101001110110010
11111001110110101111100100101101
01001000100101011110011100110100
11011011010010100001110010000011
01101010101101010010100011111011
10010110100100101110111001010011
10011011000101000000000110100010
00001101010001110101000101100110
00110101000000011010111000100100
01011011101000010100111101000110
10011110011110100101110110110000
10000011011010110011101011110000
00111111001111110100100011111000
01010001000010010100000100000011
00101110000000001001010000100111
00001111001101100100110010110100
10101001101001101100101001010000
01111111111001101110111010010010
01101001011111010111010111010100
01010001010001011000111010101000
01110111111010001000101010111101
01100101010111110000010001010000
01000100000010100110001111100111
11010001101010000001010101111001
01100000101001010001100101001010
01111011100111111011010110101000
11011001101001001010100000110111
00100001010000010111100111111101
10000010110111111110111001011010
10000101100011001001000111011111
10001111101110010000000110010010
11110110000001100100110100111000
10111000101110001000001101010100
11100011000001011101110011100101
00111011011010010100000001100000
11011010111011110001000111100110
11001010000111000110100101001101
01010000100001111101000101110000
00100000011110111100100000111011
10100011011111100001101101000110
01100101111011001010000011001100
01100010111001011011001001010001
11100001011110011101000100111111
01011000010111101111001011100010
00110110011000110011111100111010
11000110111110111011111000110010
10010011110010001100000111000001
01001001100011010101110101101001
11111100110101011011110011110011
10000001100010110100001101011000
00010011000010101111011010101011
01101000010110011110001111111000
01000110101101111001100001011101
01101100010000100110001111010000
00000110010000000110000010101011
00011011101110000011010110111000
01111100100111100011111001000001
10100110111110101100010111101101
10000000000100110000011110101000
10001100000100011110011000000011
11110010100111110101011001010000
01111000101110100100011010110110
01110001011111110110010010100010
00011010110010101111110000001111
11010111111001010101001101010001
11001110101001111111100111110001
00010101001010111000000100110110
01000011100000000010101000110011
00011000111011010011111110000010
10000101000101100101001110010110
11001011110011110010011100010000
11001100010101101111100011101100
11010110101100011000101110000001
11011101011011110001001011011111
00110000011110101011001110110001
11101110110000111000111011101000
10010011000111101110010101001110
11101111100100011001001110100011
00001101011100110100001111000111
01010100110100010111011001001111
01001100000111101110010001011001
00010110111011011001000110000010
10101011101001010000100010001001
11000100011110110010101100110011
00000011111100001001010101000011
00101100100110101011000101011100
00111111011001010000101101111110
01010000010000011011111111010011
11101101010110000001010100011001
10001101110001111001001001110010
10011101001010011001010001010000
11011100111011111001110110010100
11101100001101110110110100111101
11110010110000111111001000101111
00111111101011100110100111111111
11000011110100101010011111000011
01011110100101110110101100110010
11110100001110000100110110001100
11110101001001011100111010100011
10101001110001010100100011001001
01111011011001001011110011000101
10010110101010100000000010111110
10111001000001100001010111011101
01101111110111011001111110011011
01111101011001000110001001111111
00000110011111000010001111100110
00001010010101011101100100000001
10001110111011111011101101101010
01000000010100000110001000010101
00010110001001011100111101111001
11100101001010111100111011100110
11101010110001001101100110100111
11110111101001111101011011111000
10000010100001001110001111111110
01011110000001011000010001100001
00001101010101101101101001101000
10110111100010100110001110101000
11000100000001111011010101010010
10011100001000111100000101011101
10010101101101111001111111100010
00101011010110101001000100100011
01100010000011011011100100100111
00100100100100101001001101011111
10101001111110111001111010100001
11100000110000100101101000100010
11100101101111110100111100111001
10000101111110111001111101110001
11111011110000101110001000111000
01011100110011101110011110011011
10101001100011100000100001001011
00001001010000111100010111010011
01101110101101000010111111100111
11111110101101111101000011010111
00111011010000001001011100011100
00111001100011101011011001111000
01100011111000010101101111000010
00011110101000010010001011101010
10100100011100011101010101101010
00111000111011000010110000000101
10101111101010111011111000011111
00101110011010011001010110100010
10100101110011000000111000110100
00110101111111001100110011011101
01010100110111111001110100000011
01111001011000100011001111101001
11100011110111001100110101000111
00110101111101010001011110111101
11011111110001110101100010011100
00010010110011001001101101111100
10100110010111000011011111011000
00111110100110001110101110010100
11111110110110001110010100001110
00111100111011101010110001010111
10101011100001101000110101000010
01110000110101010111000100011000
11011011010000101000100100011100
10100101010010011000101110111000
10111110101000100011110110100010
11111010101011111100000110010101
01011110011010011110001101001001
10011001011000111111100001000111
10010000111100000100000001011011
00010000100101011011110001101101
11010111101111101011101101011010
00000110001101011010010111110101
11010001100000000010101101101101
00010001101011110111001010100001
01010111001110011110111000000011
00100111110110001110001000001000
10010011001001101011010001110010
01010100101010110001100110110011
00000110001100110100100011011111
01100000000101101111111110111111
11001100111001001101111110101011
10001101000110010011001000000000
01101101000010001110011000011000
11101101101101100011110100111010
10011111100010011100011111001101
01100000001011100011101101101111
00001011110111101010111010001000
11111111111101010110001000101010
10110101100010010110001010010010
01101000010000010110111111000100
01101100100010001111010011101110
01000010011110100000001001011010
01110000101101110001110001101001
01100101011111001010010100111001
00111110000101101000110011001101
10010110111111000010001100101101
01010111101011110101000111001001
11111111001010101000111111001001
10011001101010101101110101111111
01010010111111101100011000100010
11011001110011111000011100000100
10001101001001110000100110101110
00111111100011000110111100110111
10110101011010100010101111111010
10101011100110110000111000100101
11100110101011101110101111000100
11010010111100111100011110001011
10111001011110001110100110101011
10001111110100100000110110000110
11100110011110011101100011110111
00110101111100110000110010101001
01111101010110101010101111111101
00100111101010110001100001010001
11111100100010010100100111111110
00111111100110010101111001010010
11100010000101111111010011010000
00110000111011100010000010000010
10000101101111111110011011111111
01101001101010011000110000000111
00001011010111011001000001110001
11100110011110101000001011110101
11100010011110000110111101111011
00001100111110011111111000001111
11001011100011110100010101100111
10011011011001001000110110011001
01100010001001110100000001110011
00011110101110001010111111011001
10011110100111011011001100011011
01101101010000101011101110000000
00010100100000111111111111101111
11100110010100111111011101110111
00011010011110001011011001010111
11000011100001100100010110111100
10111100101011000011011011110110
00000101010111101011001001101011
00001011111101010111111100110011
01100000001011011010010111001111
11110101101010110001110010000100
01111001001010000011100100111110
00010010010000100010001111111110
10100100111111111001010110011101
00101011100010111100100111001000
00011000101101110001110101010000
00111110000010100001010101101101
10101110101100100010100110011011
00010100111011110010001001010101
00011001011100011110001010110010
10000010010111101110101011100100
