01000110010011010000100000001001
11001110100111110001000001010110
10011001001011010101010001011111
11001010000011001111010010101101
01111010010011011011101111001110
01111000011110100111011100101000
11011110110001101100010111000111
10100111101111101100011101101101
01110010100101110100001011000101
00000010011011010111011000110101
11001101001011000110010001011010
00010101110110100001010001101010
00011110001111100101011110001000
00100100100110011101011100111011
01110001011101110000110111010001
11110000101110001110001100100010
01000101001010110110100110110010
00110000100010110101110110001001
01001010001011000010110010010000
11110110000110001000011011110001
00101101011101100001111101101101
01100110001001101010110111101000
00000011110001100011100000011110
11011001100000000010011111000001
00011000011101001101111011011111
10101100111101001011001011111101
00100000101100101111000011011111
10111011110000100100001000111011
00010100110000010011001111100101
00111101010110010101101101101101
11000110111100010111110101010001
10110011011001000100001000001111
11100111010000100010010011001000
11001100110011011100011000110011
11000100100110101101001111000111
00101000011111001001100001101101
01110111001010110100101101011100
10001111010110111011001101100111
10100110101110101101000111000011
01010111000110101010110110101110
10000000110101010001001111000000
10001111000110110011000010101111
10001011100100101110100000000111
10011100001101000101101101001110
10100001011001110111000010110001
00011001000110110111000111001010
10011111101010111111010000100101
10011110011110100000011100110101
01100001000101001000110111010001
10010110100010101101111010001101
01011001110111000000011100000010
11101001001100100010110011001110
10011111111001110010101101111000
01010110000000111110011101101001
11001001110001000011101001011101
00001001111101110001101111111001
11100001100100111010100111100000
01100000110110100110000001010000
10101000001000011111101110111110
01100111100001011011110101110101
00001000111101010101111110110000
00010100110101010011010001001110
10111111100001011011100000110110
11110000000101011101110100000000
00001110001011111101011000101111
01001000000010100010011000110110
01011010001101010100111000101111
01101101001000100101010110111011
11001101111110011001010110101011
11010000110110101101111011100110
00101001111110111110100010111000
10101010100010100011010111001111
11000010010110001000001000000100
00110100111010111111010101011011
00111000011101010110100001110000
10101000001000011100111001000100
10010010000101001111000001001000
00000101110001110100100001000001
00011101100000010010101100110011
11000101011110011010001110110101
00100101100111011010011101010011
00000101100111011011011001010010
10110111000011010010000010111001
01011010000110011010010110110011
01000100011010010010110000001100
00010010111000001000010011111001
10100101011101010101001111111010
01100111100010001100001111111101
10100101100001000101010111001001
00110011011011100101010110101001
01011001111111000110010000001011
01000000011001001111110010101010
01110011011100000000111000101010
11111111101001001100001100111000
11010101010011001011010001111101
01011001101000101100100110000010
00001010100111000101011001101010
10111100001101001000011000100010
01011010010000101001000111010010
01000100101010000101011000010001
11001010101101001011011000110011
11110111001010101100101001000110
11000111111110101010100110011011
11000100011011101001011100100000
01001101111001000010000010000111
00001001010100001100011011011100
10011111011001110000010000010111
00001001011000011001011011001110
01101100010010010101001011010100
01111101001101000010011111100111
01111001010110110110101000011111
10001100001011111110011000101100
00011011101110010100011000010101
00010010110100010010011100000100
01010001000100111001111110001111
01001110101011011010101100000001
00100110101100000100101111000101
10010000000110111110000011100110
01011111100111011100110010001001
01010110010110010101001010000001
10010010110101110000001000010111
00110110110111111111010001110000
00111101110110001001000010011001
00000101111000001000001100101001
01110001110001011001101100101101
00011000110111101001101100110110
01001100101110001001110100100101
11001011000100101001100110000111
10010011101110101011100010110101
10001000011011111011111000111111
00001011110101011100111011010010
11110101101100001100100011010001
10000101110100110100000000111111
11010111000011110000010000000101
11001011100100101011111100010011
11101110001000010110101011000111
00011111011000100100111001000010
01101100010100101011010100100000
00111000000111101100110110100011
11000001110001011011010011011001
11011011010000100001011110111011
01100111011011110100111010010000
11101111110000000011101110001111
01011010101111110010100100010110
00001111000011101111101100011100
10001110111100110000001100100111
11011010111111010100101100001010
00000100101111001111110110110100
11000101101001000110101110101011
01101100101110011011100001100111
01100000111111111101000101111110
10011110110111110111000000010111
01101111010100101100111011000011
10001110101011100110010001001011
10111110000000110100001100101101
10111010000000110010010001100100
11111001101100001001111000001011
01011001111110010111100100110110
11000000101101010111111001001101
11100100100010011111100110110001
10011011010111111111110111101001
10110010010110101111010000000000
01010010101111011001011011100111
01010110110001000101000011111011
10111011101110110000011000101011
11101110010100011111001001010110
10101001001000110011101010100001
11101100000100110111011101100100
11000110000100101100001011000001
01110001111111011100101110001001
01110011110110010011010111101101
10001000000110100111110100110111
01101100010100001010000101101010
11111010110010010111011111011100
01111010001010110110001011001010
01111111000111001011011101011101
11001000100101010010011000000101
00101000000110000100010010100111
11001110110110011010100010001111
10011100010100011001010110000010
00000101110010000111010100110111
01100111101100110001011010010101
01110110001000100001101100100000
11001101111001011111010011000111
00101000110010110000111111101000
10100101000111010101111000111010
00011100110011000001101101101110
01111111110000000010010101001101
10010110101101011000111111010110
00100000000011111010110001001100
00110100011101000011101111000111
11111101101010111010100000110000
11101110010100110101010110111110
11110101001001001010100011111111
11110111010100010101111010001110
11000001011001100011110000010010
01100101011100000111101011000111
10010011010111001011100011011001
11111100000110000000101111001110
11011110010010001100101100000100
01110000011000011000001111100111
10000101010101010100101001101000
10001111010111000101100011100000
11101101010111001010101100111000
01110001101011100100110000010000
00111000101010100000111010000100
00001110100001101111001011100011
10000100111100000110111000100110
01010010101011000000000101111001
10011000100110001100000010010001
00000001100100010100000110001011
11001000110101001011111111010110
01010001110100001000011000111100
00011110101100011111000110000000
00101101101000101100011001100110
01001000110011111010001100011110
11111011010010000000101100101110
01010100100100011011110011101101
10000100001000101110010110010101
11010000010010001011011111011110
01111111101001111000000100111100
00000100110100001011110001000010
00100011110101110100011100110000
10001001011100000000101000001000
11000011101101001001010000111000
10100100110001100001000101011011
00100001111100100001001111111101
01001110101001010000000001110011
01001111100110100001001000010011
10100110010111100110001110001000
10101110111011101011111110110010
00001001111111110010010101011010
11001111011110100000010111011000
01000010111010010110110100101100
00110001000110010111110011011111
11111000111101111111000011000111
01010100011011011010011011101101
01110011101000111011001011001010
10011100111101001111010001111111
00100110011001001110010100001001
01011100101110001110000011101001
00001101111100001001001001110000
11110001111001100000000100111101
00000011111001000111001110011101
01000100100101101011100010001101
01100101011100100000101011001001
00001110111001011011100110110011
00101110101111010100010010001110
01010000001110110001000101001110
11101101100011111001001110111011
01000110010011111010100101100101
11010110100110001001010100111111
10111111101100001001111101101001
00101011100011011001010101101100
00111111110110010010010101011110
11011010111100010010110111110000
10111110000000000110001110110101
01110111000110001100011001010101
10011011000010011000000000011110
11011000001010100001111000101011
00100010100100111101000111001101
11111010101101111111111001011111
11101011101111010010010011100000
10111011011000101110011111001011
01101110110010000101110010000101
11110010010000011001110010001011
11010010010100001110101011111010
11101010110011000101010111111010
10110000001110011001110000011001
10010011101101001111100101000010
11111101111001101001001010110101
10111011100001000111010000110111
11011101011010000101110010000100
10101111110110110101001111100100
11001110010101000001111011001010
10100000010110100001001011011001
11011111011011001000110111011011
01001011101010001001011000100111
01101111101000000010001110000011
01000000101000110001010100010111
01111101001111110011010011101000
01000010101101110010010001001111
00010010000101000101111000110001
10000010101010100001101010001100
00010111000101100000110110000110
01000100010001101100010000011010
11100110111010000010110110100010
01110011100000000100110110101001
01011100010011111110000111010011
00101100101011110000110110111000
10101011001000011011001100110110
10101110100110011100011010100110
01100011111110111101011011010000
00001110111111100000110111101111
00101010001101001111010100111110
00101000101001101111010110110110
10001110100100111100111000101000
11100110000100100100000011100010
11110011000001001100011011101000
01000111010100000111111000111111
10101010010000011010111111010110
01011100001111111011011001100101
11110000010110101100100000101010
01111000010101100110011010110100
00100011111110000000010010000100
11010011000111100100100101011100
00001000011110110011100000101010
01101100110011101101101111100010
00111101110001001001100001010100
01001011110100010011010000010000
10101101001101101000100101111111
00101110000010010110100111111001
00000011010100000101100011011110
11001100000010110111101011010101
10011001010011111111011100111111
01100011110110011101110110001000
10001011000001001010010001010000
01110011011111010001100110101100
11100001010010111111111110011010
11001001110111100111000100101110
10010011011101110101011001000100
10011001000101010010100000111110
10111001010100000111111001100011
11111101001110111011011101001010
01011010000000001110111010110100
00111011101100011110011010000000
10001011001100100111101011010110
00111011111000011010110000000011
10110010110000011000010100000010
00011000011010000101101111110101
10110100011111011000000100111110
10110111011101011100100011000000
01001101110101110010011011000010
11101000101000110010101011110000
01110101000100110111000100000011
01100111100011111010001001100011
01000000011000011100100100000000
10101011010110010100010111010101
01001100011011110010111001101110
01100101110110011010111100100111
11010111100100111110111001111001
01110011010010001101100111000111
11001111010111101101101111001110
01010000001010101110111001110010
01001110111100110011100110011111
11110011110000010100000001101001
00111111000100110101100010100010
11000010100011000011101011011011
10100100101010011100011010011111
01111010111000001000001111111001
10010101111001001100100011110001
01001000001011000100001111111100
00000101110101001001011110111110
11001110000111100001010110101010
10010000000011100111100000011100
11001001011101010101101110100010
01011110111000011001001011011100
01101000011101010101000110010101
10011110111010101000111101001110
00111110010100111011100110110010
00100101111001101010001100001001
01110101100101001000000000111110
01010111001001001000110110001011
11000100110101101100110100010100
11011100101000011111000000011110
01000111000111011101011010101101
11000010100011000100100111111101
01101101110100010110111101001110
01110000010100100101010110001111
10011101010011111001101111010001
01101010110101010101001011001011
10111101010100110100111111111000
10100010001001010000101110000111
10010011011001111000000110011110
00101000000110011010100000110111
10001101110110011100101101110001
11100111100100010100010010011000
01110010111110111000110110101111
10100000110010000001110000001011
11010111001101011110111000000001
00011100100011001110111011111101
10101101011111101010010100110100
01011010010001101110101100110101
00111101001101111111000000101001
11001100111001111110110110100110
00010011100110011100010100000010
00100000000111110000001111101110
00000001101010100010001011010101
11010101000101110101110101010010
11011110101011011001011101010100
10011110100101110011100111001000
00101111010011010100010010000000
11110110100001100110100011100101
10011011101101110001010100000101
11001011111001100111101000101111
10001011100011110011111010010000
00010000110101001100100100100100
11001110110100111000000111111001
11011010010110000010100011001010
00000111100111000101111010001001
01001111110100110111000101101100
10101001011100011000100000111011
10100010000111111101001000101110
11000111111100000100001110110110
01111000001010111101000000000101
11001001111101110011111011101101
10011000110100011111110100000010
11010111100010111111011010110110
11100000101110000000000101101001
00100001100110010100101001010000
00110000000111100111110101000100
11000101001110011010010011100110
00001110001111010111100100000111
10011010111110101011110011010010
10001000111000110011000110010110
01000000101111111001101001111010
10000011011100101011100000001110
01101010001010000011001010111101
01100011000101100011001011011001
01110010010100001011011100010110
01011101100101110111100000001110
00000100001010110010110010101000
10011100010000101010000101001101
01111001011011101101100111100011
11111110011011110101010001101011
10000000011000111001111001110010
00011010110110000001100100011001
00010101101010110101000110111001
10101100111111110111001101101100
11000111011100101000011101000110
10101001110001111010000101100110
00000000000000000000000000000000
10010101010011110101101010010000
11110100000110111011110000100010
00110000111100110110101111010001
00010001000000010111101101111000
01011111011010011111000011001110
01000101110110101111100011101111
01110010001000110100100100011000
00101100110001001001010011100000
11011100001001111000010001101011
00001110001000101111100110000101
01001011100000011010001101010110
10011000100111001110011100010000
00101001000101000010101101011000
01101011000001000000011010000111
10001100101100111011111001000000
11111100100110000111100110011100
00010010101000100110101101001111
01011111101001001000000010101100
11100111101111110110101001110101
00110100010000100000000001001000
11101001101011100011010001111100
10000111111011111110101000000000
11100110010010000111100010111110
10001110110101010111011110001101
01110001011000001101001101101000
00101101101000010111110100000000
10010000000000010001101000100111
11000110100010000001011100110001
10100001111111010111101111000000
01000000001011011110100110111000
01110111111111000010110101111101
10110001001101001010101110000000
00100111111110010010010001110010
11101011000110011010010001010000
01000110100000010110110110100111
10000000100111011010011111010111
11000110001010011110110011110101
11101111001010010010010111110011
00010110111101001000001001110011
10110111010000000110011011010001
01110001101100111000000110010010
10011111101100010111111010101110
00111011101001011000100101010000
11001011111010010110101101010111
00010101001100011011011111110100
11100001110111001000010001100011
00010101000110111011100000100000
00110010110101111101011101111101
10100111000100000101000001101001
11010101110010110010000010111011
01001111100101000111100100100101
01010110011011011110011001001001
11100010001000101001011101100011
00111001111010110001001100011101
01001110111011010001001000000111
01000010101110100101010001100010
11110100100110001111000001100000
11100111010010001101101000010101
00100111001110110111011110110101
01000010010110010000100010111000
11101101110000110000101100101111
00111100011000010100101101100101
01001001110010000010000001101110
00000100111000001000110100010010
01001001101110101100011110111110
01010000000111011111101100101111
11111101111011011001010111011011
11001001101100111001011101011010
01011101100101011000110100110110
00000000100010010010100011010001
00101010110000111111000000010100
01001000000110100101000001011001
11100110101011011001101001111010
10110100110011011001110111101111
01010110011100000000001110100000
00101110000100001110101011011011
01100101111000111001111100111101
01111000000100101011111100110001
10000010100101001111011001011001
10011111011000100011011111001110
11110100001110110101110001010011
00010100101110010010100110010110
10100100110110110010111100000111
00011010111011110101001101011001
11100111110000100001101011110111
00101010100010111101010010001111
11011001101000111010111010000011
11000110111001111111011011111001
10101011011000101101001001101100
00101101000010111011010100101011
10101101101011110110100000001110
01011011001000111101110101001111
10011101100000011101010000110011
11011001000000011111101101100001
11101111010000011010110101010010
00101100111000111110110100111110
01001000100101001110100111110100
10000010100000110000111000100110
01111101111011100110010001101110
01111110010011101010001111111010
01000000101010110010011011011010
00000010111001100011010110010101
11100110110111000001100001101010
01111101111100001101011010100011
00101011100111110001101110101010
10111111011110101011100100010100
00010100111000111100010101110110
01010011100011101101010111000011
00100000110111100000100100011111
01110100011110100000010010101001
00110000000000100001010010010001
11001101000100100111110010010101
01010010110100101001110011000101
11101111010101100111010011011101
00111110000010000100000001101110
10100100111010100111000011111001
00000011101110000100110000000101
11101100101110101010001001001100
01011100110011001111100100010110
00010001011011100100011000110010
10110110110001111101001010001110
11110010010111101011110111110011
00011001010010101110011000001001
11011101011011000010010110100111
11011111010000011100001101001000
00010011000111000111001001100001
10101011010011011110101001011111
10011100101110000110111000111110
10101101110000001111000010011110
11100101111110110101001001000101
01101111001111111011010111110011
10010010101111011011011101001010
11011101110101010101000001110101
11000000010101001100110110110111
00101110011100001110111110111010
10110011111110000100001110010111
10000110000111011000001110110100
11001110110101010100101110011010
10101111101001000100101100110010
01111111101111101100111011110001
00100110011000000101010101100010
11000010001011100100100101001010
11011011001000000100001111000000
00000111101100100010010001101011
01110010110000001000101000110101
10001100010000110001110110011001
00110000110111100000001101100011
10011101111010101000110000010111
11010010111001010101101011000101
10000110000110101100011100000000
00011101000011100010001101111111
00010101001110100101101111101100
10101110001100011100110001100001
11010101111001011101101010000010
01010111010100110111000010101111
00111000010001100110001100010110
11001100100011110000000110011111
00100010111001111101101110011001
10110000111010100000110001010101
00110111111101111110001001100001
11110100100001101111110100110111
00001000100011010011100000000000
11010111100001110011111000011011
10100100111001100001011100010101
01001101111111000101101000100101
00101011000110100011001010110000
01011100001011011111010110000000
11000000100011111001110001010101
00111011010111010001011011010101
01010011001100000110101111000000
10011010010111100011001000011111
01101000101110011100010011101001
00111001110001110010001000001100
00011000000001111010100111010010
00010000001110110011100110111101
10001111000010101001010100000000
10000101000011000010100010010001
10010100001001111101100101000111
00111101000001011001101111010001
00111100000000011001101000111101
01001011100001011101101101111010
01001101111001001000000000101110
10000101101001001000000000110000
01101000001000000110110101001110
11101010001010111000101011101110
11011010100111110101001100011110
01001011111101010111010010000000
00000010101000001010100000100001
11100001011110011000101011000101
00101101111111000001110010011110
01100011010110001001000000101101
01100010010110001011100110110101
11110000011011100111011111110011
11011100111101000000011010101111
10011011101011010100010111001100
01110110110011011101101001101000
00010000111100111110000101110101
10110011111000100001110011111010
11111101111110100111000000110100
00010011111011110001000010000101
00101010111000100000010010110011
01000101110111110011111100011110
10111010000011110101011110001001
11011001111011111101100111010101
01111101000101101001010001010011
10100010001110111010010100100110
00100101110100111010001000010001
10101010110000010000110110010100
11000101010001111101001100100001
00110111001010000000111001011111
00100101010010111000110101000001
10100111010001011101110111011001
10011011111101011101000010011001
01110010111011110101110011010101
10000001100110101010011000010001
10100011011011010111011101101100
01110001111010001111110100100111
11111110100011001110101010010110
01001110000101110001111011110010
00110010101011110111010001101100
10101001111100011010010010100001
00100001110001000011111110110110
11011000000000000111110000011111
10000011100000001110000000010101
11111011010100101100101100111001
11110001100001100111100010001100
11111000111010101011010111100001
10100101100110010001010010010000
00011000101101101010101011111010
11010111001001010011110001101101
10110110001000100111100001100101
11001011001010110101000001100100
10010000000101000001000011110101
00000000110011111000010001110001
10010101100101100111100010010100
10111001100111101000010110110011
01001110000111100100010111101000
01110000010101100000001000011111
10010010101010000100101001100101
10011101110101000011010000000001
10100110110110011110111111001000
10010001011100000001110100001000
00110101010110100010011001100101
10100101111110000110010111000111
01111111010011001000010110011100
01100111100100000110100110001000
10101111101001001100101011101111
10000100110010010100100101001010
11101111110010101010101101011110
10010010110110111101110000100111
11111110111111101011001110011110
10111100101101110001100111000110
01100001101101010010100010111010
11000110011000000000000011101110
00111010000100010000111001101110
10101101000001100101100100011010
10010001110100000011101110000000
10000111101000001100100000011001
00010101100011010111011001100100
01011011010000111101011010001100
01010101110110101101100010110010
01011011010010110011100111000101
11101001100000110101101010000100
11011011100101111000011011101111
01110011100101011001101010001000
11100101100010101001011010000110
10110111110101111110100110101011
10011110000001110011000110011010
01001000100111011011000010011000
11010011001100011101011000111001
00101001000011100010000000000011
10001000100111000100011111111001
00101010110000110101101100010111
11001100101011001100001100000111
00101111011101101100100100101101
11111000011101011110110011010010
00000100001010111100011010001001
00100111100000000111110101101111
01100101011000011100000011001100
10000001100110011110111011011111
10110100101011010110011011101010
10110100101111100100010110010011
01000111001100110101101000110111
01011111100100011100001010100111
00001101010111000000101101010000
01111001010111110100101000111100
11010101100001001110100111001000
11000111010011011110011010100110
01011000000100111100010111000111
00011001100000011101101100001011
10010100111110110100101011111000
10111000101110011100110110001111
01100010010111101100111010001101
10000100111010010000100101110001
10011111111000111100010101111100
00011011111101010101101101010001
01001111101001010111111000010100
10111011101011001111010100100011
00110001101111001000000000011010
00101001101101011001100000100001
01010101011001001000011001010110
11011100110100011110100110001011
00101101110110101111111110001110
00101000000111100111111001000010
10010000010011001110000100000100
00010111110110100010100100000011
11101000111011101100101101110100
00011110100001011010001111001001
01011100100110111111111100010100
00011101110100010011100010100111
10000001011110000000111001110001
11110110111001111110001110111011
01111001100010011100010110100010
10011001010101111111110111010000
00111010011100011110110110001010
11111001101011000011110000110010
01000101100111001000000110100100
01010101011011100011011010010111
00011110011110001100011100110011
00110111000011010001111000000100
01100000010000100001111011011111
10100110101011100001000110011110
11100111000011000110011100111110
01011000101001101100001110101101
01000101100011101011111111000001
10111110111001010000110110001110
10000001000101101001101101110100
01100111110111110000001111111011
11011001110000011111101100111101
11011110001010111001101010001110
11010101011001010000111010101010
10010110010011101011001000101000
00111001101011101110110110010100
01001100010101000011010110110001
01101111000011111001101001010000
11101100100011001100110101101110
00010100111010111110001011011011
01100100111101001110111000100110
11011100000110001101010110001111
00000010100100000001111101110001
11111101001110111011111110101111
10000111110101111010110001101010
11101011010111000110001110010010
01011111101100101001100110000101
11110010111010101110001101111011
01001010000011011001010011001011
00111000110000011110100000011110
01000101001000110111110000001101
00111101100000111010001011000000
10011101001001111110110011111001
00110101100010011111100000100101
00100100001100010000000111110110
10010010011011110100010111101111
11100001100110011111101000001010
00011011110110010100110111001111
11001110000101110011001111010100
01000111000011101101001000001011
01111110000110101111110100001010
00110000000110100010010101110001
11001101000000010100111100101100
11000001101110111110000000011010
01000100101110101101100110010011
01100001001001001000011100010011
01000011011111110111100101100000
11000010111101101111110000000000
00101011110110111100100011010011
00010001001001101010001111011101
11011011111111011101000101110101
11010010111111110000111001001010
11010011100101101101111111100011
11001110110110111001101001101110
11011101011011010010010010111100
00101010000111010110101101100100
11000000010101110110000010010000
00110111001101101000011001110000
01001110100110000111110110110001
00110011011110100001010101010111
11100011010001111011001111010100
10001111000101000100001000001110
00100010110010000101001110000100
10011110001001000100001011000011
00111010110101111011101100001011
11100101001011000100011110100101
00100110001100110000010000000101
00110110111010101110001000001010
10101000101111001010000000111111
01111100010011101111101101000100
00001001000100010101000111000111
00100011110010000100010001001100
01101111110100010100011100010001
00100111000010110101000001001010
01001011111001110101110110001100
10100111011000111110010111100101
00001100000011100100001011010100
10110001110010011010101001111001
01100011000101010001101000110001
11011111001001011111100110011000
01110100110100010011010010011010
11110101100111010011111100001001
11010010000000000000100111000101
01111101101110101001000011111001
11000101111001110001100000111111
01110100111001110101000000000000
10111001001110011001000111101001
01001010011001000110111000001100
01011010100001011010001010010110
11100101010111111111000100000101
00010100110011000001100000100001
10010000100101010001011000000110
00000000010000011001001001001010
10101010101000000011111111010001
10100110001001101100111010101010
01001000010101111100101001110111
01001000010111000100111110101110
11001001010100010100010101001110
10110110001110000110011001101101
11100000101101010010100000111101
10001000101100100110110101101110
01100110000000100111001011100111
10110101011100101010100011100011
10010101000001100111011100100100
01111000100001001011101100000001
11011001110001000010010111110100
11011011101001001011110111101011
01001101111000011110111111100001
00111000110011000000011010110110
00000011001011010110011110111000
10100010011101110111000001101010
10001010100000100110011100010100
11111010100011011010101000100000
00110011011000001010100110111011
10101111110110101110101000011110
00111010111011111001001000010100
11010110101001001100011100001111
00110111001100110010110101111001
00011000111011110010111001001011
00100000000101111101111001001110
10111010001000110111000011000110
00110110011100101000010111101001
00111000010110100001101000011100
01101001011110100101100000110001
01110001111001111111111010111011
01001000010111101101010010000101
11111000111001101011011010100110
01110111001001010101110011010011
10001110011111110100111100100010
01000100111101011111110100100111
01110110100100011000000111101001
01111111000110011101001101000000
01111111001010001010001001011110
11111100101010001100101110101000
01101000010111001010111111101011
10110100010111110101110100010111
00110000110100101001101001000001
00101000101101001110101001001011
11001111010100000001101100011101
10101001100010110000110100111111
01010111110010101000110111101110
11011000110000110101010101101110
00110110110110101010000000010001
11001000011100101011001110011100
00110001100111100111000011011000
10111100110100000000011110100011
00001001010001010010100111101010
11001100100100001010110100010001
10000111010010011011001101101101
10111011101100000110001000101100
00110010100000100011101011100001
00100010000111000000111110110011
01001000111000100010001011110000
11110111001010111101100011010010
00100101101010010100000010010110
10100111111011110011100001001101
10101001111000101101101111110001
10101100110000011001000111001001
00111011100011011010001011110010
00100101111101011111111101101001
01001000100101101100011111000100
01110001100101000111000110000010
00011011101001001100110100010111
10001011011110111101110000110110
10100011001000001110011001100100
00101001111010010110110000001001
11110110011100100101001101100001
01011101011011101001010001001000
10100110110101110111000010101011
10111010111101010011000111101110
11011101100100010111110110111101
10001101001001110001001101000111
00100001111101000010000011011011
10010011101011001111111110011001
01000110000001110101000100111111
00110111001110000111011011110000
11111000000101010010100011001001
11111001111001010010000101010111
01100101100010101011011110011110
00101110010000010100100001100101
10110101111010110111010011000110
10010111100000111000010011100011
01001111011011111011111111101001
11101111101001100000111100001110
01101111010100100011010110101111
11011000010000110100010001001000
10011010110100110010111101011110
00000000100110110110010011100101
01101001000000010010101101000110
01000100010010001111010011100101
01011010100101000000111111011100
00101010111101110010011010000001
00011101010111101010110101001011
00010100111100011100110000001100
00001000101101100101011001011101
11111001000101000111100100111000
00000111111110110111000000101100
00110100111101111111111001110111
01001000011001111011011010100111
01000011111100111010000000001101
01110000110110111010001001110111
01010001101011101111001011110010
10010111010110100000010100110111
01011011010101101111110011100001
00110000001010100001001011001111
00101110100010100001101110010111
11001101110011110110101100010101
00010011100010100100011001011010
01111001110000010110101101110110
11010111001000001100011010100001
10000000000000110110100000011001
11101110111111010001011111101000
01111000001101010001111001110111
11110111010110001110001111000101
11010010000110100110100010101000
11111111101010001001100101101000
01111100010100100111000100001000
01110001110111000101001111101101
01011111111011110100000000001110
11000001011000101010110111110101
11111010010110100111101100000001
01101110000101100111010100101110
10100101001010011001111011100000
01011000011001101001010101111011
11010100011110111111011001101111
11100000101101001010000111100001
11111010000101001101101100000100
01111010100101010010001000101110
11101111000010011100010001010101
10110111001011011101100000010101
01001111001100110000110011011100
10001010110010011001000101000011
11000100001001100011110111001011
01111100000100111010100101101011
00010110001000100110010110010100
01110011010010000001101111110011
01001001111001111110110110110000
00011011010001111110101101101111
10110001000101100011011010000000
10010010111001011100001100000101
11100100000010110111110011000100
11101110010010110100100101000111
11000011011001111111011001011110
00111101010111110000000111111001
11100000011111100011101101101111
10101010110111110111111010101111
10110011110100011011111000111101
10110101111111000110110101110110
00000011011101111000110000001011
11100101111100110001000001111100
01100110110011000011101000000000
10001110011111010111110011101100
00000010101101010110111000111001
10111111101010110110101100111100
10110101011110111010001010000111
01000001110001001111101100011101
01011000111010100001101100111100
01011111000101101001101001101011
01111100110111000001000011010111
01111010100101010110011011111100
11100110000010111011000000011011
01110111111110000000000110000100
00101110111110110111010101101011
11011110100010011101011111001010
10011011100110010101001010000001
00001000111101101111101010011000
00100110110110100000100110001011
01110000110111101101001001101011
01001001100110011100001100100110
11011010110110001011011110110111
01001100011010010110001011110111
10100101001101010110011110101101
00100111011101101100110010000011
00000101100111110111101100101010
01001000000110001100101011001001
10001000101110010010110000000000
11010100000101000111110100010000
10011100010011101101000011000011
11011110010010110001101000110011
01000011100101001101100110010100
10100111110010111110000110101000
01101011000000100000000110001000
10000010000111000011011111011000
01010000110001011011101101111000
11111100101111011111100011100100
10011111001011100111110011111011
11100001101011101010011010011010
01100011010001011001000110111110
11010110011001111101011100110001
00000001011111010111101001000110
10110100001001011011100010100000
00110110000110100000111100111011
10101000010110110101000000000010
11000000011000100011010111100011
10001000101010111100000001000101
00011100110100111000010010111000
00101101010010001110010001101010
01101000011000011111011110110101
11010001101001000110001001100110
01000101100010001100001010101010
01111010011110010110010101010101
01100000011011110000000101110001
00010010101110111101000111100011
01010110010010001001111111001110
11010011110010110100110001011101
01111111100010101010110001111101
00100100110011101101101001000100
00010101101000011001101010000001
00110001110111010110001011101010
00001110011100110110001101100111
10011111000110010011110000000010
00111010000111011001001001101111
01110111001011001011011101010101
11011100011011110000001100111110
01101110101001000100010010001000
01101010100100011001000001100110
01111111111100101011110011000010
01000010010001011101000110101100
10111101110000010010000101001101
10000101111010111000011001101001
01001110100011011010110111110010
01010110010111010110111010010101
10111101101111111000001110010111
01100000101100101100000100110000
11010101100110110001001011110100
00100110111101110100111010001011
01010010011100001101110111110000
01010101000001100000111110000010
01100000101011101100110100011100
00000010001111110010110000010000
11001111110110010101101101100100
00001111110010011011011100111001
00100001111001010111110100111100
10011001101001111101101100010111
10011110011000010101000000000001
01101010011010101101111111000101
01100101100111000110001101111011
11010010000111100001110010001011
11000011000001110111011101111001
11001010001101111000111101001001
00100110001110101001110100101101
11111011101111100111110011111011
01011101100110100011101001100010
01011111110000001010101001110011
11110110100111000110001100010100
11100111010000001101111101110010
00001000111111111101010101001111
10010101110101000001110000101110
00001111011111000111011111010111
10110001001100001111011001101101
01111010001101100011110010101110
01110110111100011001111111000111
01100001000111110011011000011101
01000110111101001101000101110010
00110111110101111111000000010100
01010100100010010010011100110010
11000111001111111110100011110111
01001111100101101111000101000000
10000010100000011010011010011001
11110010000001011110011100010010
10100010010111000000100101101000
01111001100010000100111111010100
01010001100100100011110100111111
11110101010011010111111100001110
00110100111100101110001100001000
00110011011111001111111000001011
00110000100101111010010001011010
01000101100111111100101001011100
00000111011111011010010111101001
00100101011010000111110001101000
01101101110111110011010110010001
10110001001010101100110110011101
01110101010101111111001110000001
00100011001101011001101010111000
11001011011110111011010011111000
00101010101111000101100001111011
10111110111110000011111100110100
11110101100100101101011110001101
01000111001101110011110000010100
10101001100111001111100010111010
01101000100111111100100110110101
11011011111001111001011110110000
01010111101101001001011100101100
11001100011111010010101101011001
10101111010100100111000111110011
11000000011111010000010011111011
11000011001100101101101110011100
11101001110100101101101101001010
01000110011011100011011111110011
00111110101000101100011110101101
11011010101110011100010100100100
11101001000101101111011010010101
10001001110010010110000011101011
01101100010011110010010110010000
10010010110010111001100110000011
01001110000101111001100011011101
10101111111010100101011110010010
00011001001110100001101101111110
00101010001001110111100000001110
00110000111100011010100000110111
01101010111011010100101001101011
10010010110010101000111001000011
10110010000111001111100011101010
10011100110010001001111011101011
00000011011000111001000011011011
10101011100010111010101000111011
00011101010111101101001101100111
00100000010111000010100111011111
01001101111100110110111110101111
11000100101110101010100111100011
00001100000000001000100000101101
10111100010100011011011001110010
10001111110101000000000001110011
01011101110010100101100111101100
00110010100010001101110110110100
10101000011010010101110010010100
01011011110110100011110110000011
01001110010010110010111111011110
10100110001000010110000001011010
00000000100111110010100011111001
10000000110100010000001011001100
01110011001110101001101001100011
10011110111001000001011101100010
01011111001011111000101000011011
10110110110000011100000000110101
11011011011001110101000100000100
01011000001100101000011101010001
00101111100010101010101011011111
01101111001100011000110010001010
01000000110001100000000000000000
00011010110101101111010101101100
11011000101101010111001111010010
11001110110110001111001100110010
01110000110011011011101100000110
00101010001010101000101000100111
01001010010111111101001100000101
01110010101110110101001001010010
10111101000110100000101000011100
00111001111101111110101011110110
00000110010100001101100011011011
00101110111111110100011100001101
00101111110000101110111011000111
01100100001111010100010010101000
11110101010010011001110101000100
01101000111110101001000101101110
00010000011001100010010100110010
00011011000011011000011111101000
00000001000000101101110100110011
00100110000000110011011110111000
00101010001110100010010100010100
01110011110000110010110011110111
