11101111110101001101111000101111
11010111010001100100000111010011
11100111011110100110100110110101
10001100111100011111011000111111
00011110111101011111101011110011
10111010000110011110010100010011
10010111011110111010101010101010
00110110100001000110011110110001
01111100011000011101111101100011
01011111111011110011001010011010
01100001000101111100010001110110
00011100101101110011000011100000
11001111110000101000110101010000
10101111011110101001001111011100
01101111111100101000011101110000
10010110011010010101111111110011
01001010110010111001001001110111
10001011110011011111100101011000
11100110010100111011001100110100
00100110101111111001010010001010
01011101111000010111011110111100
10000101111111001101111011011011
10111010000101010010000101000110
00011101101010111111010111101100
00111101001000010110011100011110
11000110011111010000010100110111
01000110001010010001110011011100
01010111010100000000000011101101
11001100010101101101111100110111
10011001000101010111001101100111
01100010110001010100101111111000
11011101000010101100001000101111
11010010111101000011101101010001
01110111001101111101011110110111
00001111001010110111011110011010
10001111010101010111110010101110
11001000111011000100101100010101
01111101101111111110011010001011
11011101100010110111010111110111
11001000101000111101111000111011
00110110110001000010001101000000
01100101011111111001010111010100
10101000001110110110110110101000
11011001001000010110001111110000
01001101101111111110100011110111
01011001011100111000100111100111
00110111111011111001101111101100
10100110011110110110010011011001
11101101011101110111100101011100
10010110101101100111110001011111
10001011110110101111111011111111
11101011100001001000111011011011
10110101011011101001011000111001
10100010111100001000010010000010
10011001000001110011111001011010
10001010100100111100000011000110
11111101111011010110001001111100
11000001001011001010010111110101
11111110110011111101000000001011
11011010010010000100010000100000
00111000100011100010010111110110
00111110010101011011001111111000
10110110111101111110100101110111
00000110001010010001011100111011
10011011101100010010111010000010
11111011000010011100011111110111
01001100110101011010100111010110
10111101110011001111011100110001
01111111110000101010111011111000
11101111110010000011011001110110
01111001001101000110100011000011
00101001111101111110101000010000
01001010100010111010110100110011
00111101011010101011110000111111
10010000001111011011110011001111
11111010001001110101101100111000
01010001001000101111100000101011
11110111101011000010010101101101
10111010000100011010000011100101
01111011101100000010011101100110
01011100111011111101011111111010
00011100001010111110110110001001
10010110111101011000001110011010
01010001001110100000101001100011
11111001101110101101011001010100
11111001111001000101011101100101
00111110111001111111100001110100
01101110110100100110101001100100
01000101110101110110010101010111
11001111111101111011101100010000
01110100010101001100101010001101
00110000100101111111000100101101
01100100111101110110011100011111
11000000000100001101111111111111
10111101010100111111010011110001
11000111110101010011100111111110
00101000001011010111011000001101
00000111011001011011110000100101
11000101001010110110110001111010
11110101101111011000111010100111
00000100010111100001010101110010
11011010101100010000001100100111
11111010010101101111011000110100
11111111000101011101000011010001
10000111110100100100011110111010
10011010010100100101100111100111
01011110001011101001101010110100
11100000111111111010001011111000
01110001111000111111010100011111
11010010100001101011111110101011
11110011111111101101101111101110
00001111011110101100000010000101
01010110110100101011001000100011
00001000100101010011111101101011
11000110111001001101000110110101
11010110011011010101111000101010
10011111011110101011000011100000
00111001100101000110011101000001
11011010101000001011101100000011
11001110100111101111010010100001
00110111011101101111110110010100
01000101101111001110100111110111
10101011111100100001001000011110
00111011011111110101111110101100
10000011100111111111111010000110
11101000000101101000001100111101
10111001001011111000011101110100
10101000101101010100011100001100
11101001101000010110111001101010
01000011000010111001111010111001
10101111011000111000100100110101
11000111101000011101110010010001
10101111111111100111110010010111
10110001100100011010100001110011
11111011110110011011101101010111
10001100010100101011010010000100
01000110110110001110100100001011
11010101001111001111111110111110
00001011000111001001001111000111
10101100101110011100010111011011
10101110010110110111101111101010
11101011001001011110011100000101
01011000001101110101110101001111
11110010101101111010111001101111
11011111010010011100011010111001
11111010111001100010000011110010
11100011001100100111001010111000
00111110011110111111000110111101
11010110011000011101111011101111
11100101001001011010010111011110
11110100101101110111011111100100
10110001101010001100000110100010
01110100010110011011010100001000
01000101011011100101011111011011
00001101111111110000101110111011
00100100100100111010110111000110
00110110011110001101011011010010
10011111011001001011000110101001
00011001111111100011110001101111
01111010011111101011101010011101
11001110101111011011011111111111
01110111011011000011110111100110
11010000000001100100001010101011
00101101010011001010100001110101
10001010111011110110010111011010
10010100010101001011110011110001
11010111000100001101100010001011
11100101100000110001101011111111
11110010011110100001110001001100
10111101111011111010011110000011
11101001110000000010001110101011
00001001011011111011110110000010
01001110110101001011111110110001
00110011101111111100111010101111
00011110011010011011111011011111
10000100001000110101001101000110
01101100101100000011010010010011
01110111101111110111110001110000
01101100111101001110101110101101
10011011111101111111001001110110
11011101101001011110110110001011
11100011000101100011011110101001
10010000111110011100000101010100
11111111010111010101011000100100
10010010110100100110101101001011
10111100001110011000100100111010
00111101101000001000011000010110
01010001001111101010111011001101
10111010010111000111110010110111
11001111111100001011111011011101
01111110101111001000111000111100
00111110101111011110101010110000
00011001101001100101011010100101
01111111011101001111010110110001
11101101100100100101011101010100
10111001101101010110100000000111
11101001100011010110001010110010
00110001101100000101101010000010
11011110100010101001111010111111
11010100100011111110110100110111
11111100001100101110100011111011
11000111011111010001010011011111
11000000101000001110111101010111
11001011010101000110111001010010
11111001000010011001110011111111
11111110011011110101110010101001
11110100001011001011011101111010
01111010000011101001110011011000
00000011000010111101000010011111
10001100111000101101000110101010
11101100110011100101000110111001
01010000101110010001111011101011
01100110010100110101010011001111
00010010011001010100110010101111
10110111111110000111001010111000
11100001011110101100011011011101
10100011100110000001101110110000
11001001011011111011001101011001
10110110011111111110011110101111
10100101100000111100011111111011
11111111101000101111001110100110
01010101011100101111100110011001
11110001001001110010111101011011
11110000010010011011101100010101
11101111101001001110110001101011
11101111001101101101111111100101
01011011101001110000011111001110
11111101101011011110010001101101
10010100100011001100111110100000
01010011000100011011101001110000
11101001101011111010100010111111
11011000011011111110011000110011
01110010100100111100000010111100
11111111011110000010110100101100
00100110100011011100111011110000
11101001001100111111011000001101
00011100100111011111100111111110
10011110110101010101010110101100
10111010110101010100111111100011
10110111111011001110111100010000
01101110110110100111100100000010
01001011010111010110010111000100
01111001110001000011111110011111
00101111001110110110011111011100
11001000001111101001011011101000
11011110100000011111010111000000
11011110111100101010111010110110
01001001110110001101011101101110
01011010100001101001110000011101
01101000011100101111110100101110
00001111001000001110110000000011
11001101011101110010011010111110
01111100000101110011100000011011
11101110100011101111111000101110
10111011111011110110000010011110
11000101010111010001100100001111
01001110110001001110011100011111
01001011101100010001101101000100
10001010111101101100010101101100
10110001101111011000011111101010
11101111110110010100010111011101
01010001110011110011011101000110
10101011101111100100011011111000
10011001111011010111110110010111
10100101000100000111110100010010
10110011001110100110001101010110
10001110111111101110000101000111
01001100101011101111111011100100
11111110100001111010001001010001
11011100001111110000100001001111
10100100111100100110110110011101
10110100111000011111111011101111
01000111111000010011011001110100
11011010011010100110000000110010
10111100011100110110110000100010
00111111010100011000100111000000
01011111101001111010111111010101
01110110011011111111111011110000
00111010111000011110110110010100
10100010000011001001111111111000
11011110101111111111001011111100
11101100100010100101010001111101
01111110011111000101111000011000
11000011110111001100111011111010
00110111101010101100011111101111
10110101111110100001101111010011
11110001101101110101111111010111
10110101111100110110011111001011
10111010010000011011110100101110
01010111001000011000111010000110
10101001110011100110111111100111
11100111100101101101110110001000
00100000001110111001011100000010
01111111110011010100000100101001
10010110011000011000100000111101
10100010110000110010111011011111
10111111110110011010110111011111
01100101111011011010010111010100
11011100010011010110010001111010
00101001011010101111111101101110
10110110001101111000011111101110
10111110110001101010010000101001
01010011101101110000010011110111
01110100100110010110101100111111
11101110100111111010011011011000
01111010011111101001101010110110
00100000011110110111111111000100
10101000101111111101011100100001
10011001001100010101011000010111
00101100000110000111011011011011
11110111101110101110101101101110
11000110001010011111100000000100
10110101001100010001100101010010
10010110110111111101100100110010
10111011011011101111001111111101
00011011000011100110101111100001
10000101011001100101111111110011
01101000111010110011001101100000
01100110010111011010011111111101
11010111100001011011001101110110
00111100110111011110000000101000
00011010011101111101011111111000
01110101010000111100111101100000
10001110000010010100001111101110
11101100000111011010000100111100
01010110100101001001010100110100
11111010111011110011110000001100
11111011001110101011011010001101
11111000000011010110111000101010
11100101101111110001110101011101
11101100111100111000110010110111
00100010010111111101101011101010
00101001110001010101010000100000
10001001000100110011100000000111
10010001111110011001011101010111
01101011111111111111100110010011
10000111000010101110000111001100
11011101100011101000001000000011
10111001111011000001011101100010
01110111010000101101110100001101
01111101001010111110111110101011
11011110101010100101001011101000
11110111001111001111100111011011
11111111100111100111010011100111
11001011001110001001101001111110
01001011111110111001010101110010
01100110011010110111011101001111
10101011001111011110111001011101
11101101011110111100111100001000
00100111111001010110110111011000
10111111101110010010110111011010
10111100101110110010000011111100
01101111011110011010100101010011
01101101111010011011100100111100
00110101111010100100101011100001
01001111000100100100011010011110
10011011001111111100110011011001
11110100111001101101000101110100
11111110011111100011011011101010
11011100010001100001110111101011
01001101101001110000101011110011
01110001010100011111011110111101
01100111110001011001000110001100
10000100110111110011001100110011
11000111101111111110100011111011
00110110011001001111011000010011
10001011011111101011111101001000
01101010101100110100011011011110
10100110111000111010110110111110
10001101000101010100111111111011
10001010000010111110010010010000
01010110000111010010000010010111
01011110100011011110011111111100
00100001111000100011010010110000
01111111110101001101101111010001
01110111110111000000110010010110
10111010011010101110010111001000
11111111111110101000000111100010
11001010111111110100010000100001
11100100001010011010010011011110
11110011001011110111100100011111
11011101011110010110010011100001
11000101111011111111110101110100
10011001110100101011010101000010
10100110011010010110011101100011
01111000101000001101011010000010
01001111011011010001011011011110
11011100101010111101101101011010
01111101011000110101111011011011
10100100110001110101111101100101
00111001011001100000111101011110
10000111000001000111100110001010
01011010010000001110011011110111
10100000100111101010011111110010
01111011001000000100101101000100
10011010010000010110101101000111
11011001100110011111101111101001
01000001010110011100011011000010
00010101000011010011111110001101
01001011111101011111111000001100
11001100101000111001001011010101
11111011111110010100101110101101
01010011001001100010110101110011
00111100111011101110000001011100
00100101101001010111001010001111
10111111000111001010111010110101
11001011101110100000110001111110
10100110010001110001011011100111
10110111011101101001101011100101
10111111011010101000010011010110
01010010101101100111110111000111
11010111011000110001010101110111
10111000010000110011111010101111
11000010010001110010110110011110
10101000101110000111101010111001
01111111110001100100110001110111
11011000111001110110001111110001
11100000101101111101100000000110
00101010110011010100001111011000
11110101101111001011010100000000
01001010111111001011100010110011
11100010001100111000110100001001
11001010010110110110010101010100
10001010001011101010111111101110
01000001011001000100001110110111
00101001101111001011001010100101
10000101101010110101111110101100
11010110001001111100011101111011
01011000101010110110100000100100
11010100101010011001110111011101
11000001110001111111011101110111
00000000000000000000000000000000
01000101110111100111011101010111
11010011111111111000110100111111
11111110001101010101101011111001
10110000101110101011010110101010
00111010001001011011111111011000
00010011100111011010010000110011
10111011011111100101010111010001
00100011101100011010111001110101
01111100000100010111111011111011
01110101110111000011111010111111
11011010100001111110000111111011
11111101000101110000001001001011
10110110001010010111101110000100
00011010101100000110110011101110
10000001111110101111011001000010
11001111100001101100101111011111
01100000011111111111110010001111
11010100000100011000001111110100
11011100100010101100011110101011
11110011000101011000110101010110
01011100100011010110010000000100
11000110100001101101011011101111
00111110101010011001001011011001
10001111010011111010100001110100
00110101101010101110111100011000
11001011010010010101110101010011
10111101010010111000101100100010
00101110000101111110110011010011
01110001000111000101111001011101
00100001011000011000000011000101
01110110111011111010010111000101
10011100001001110111011011110011
11001010100110100010001011001101
01101000001111010000010111011111
01101001010011110000010001011010
11010010001111011001010101111100
11110111010001110110001111011001
01101110111101010010001000101011
01101010011100101011001101001100
10001011000011101000100001111110
10110101101010010011001011111011
11001110111100011100101101000101
10011100110000000111111000011101
11101111000001101100011001111001
10101001101111111100110000000111
01001000111110001110101100011101
01100100011101111001000110100100
10011011011011110100100011010101
10000111100011101111010001101111
10111110011010000001001111001111
10101101011111011001011011100101
10101101111110100101001001100110
11110111110101010001011010011011
10011001011101110100010010010010
01100110100111111101110111101011
10000100001011000000111111010000
11001101000011111011110111011110
01000010101100011001001111001001
00100100001111110011110110001111
10011110100001000011101111111100
10011100000110011111100111111011
10011011010101000001100110000000
01100110011000110110001011111011
10011011001111010011000110100000
01011010001101111100011100001010
11111011110111111111010011101111
10110011101110010010111101001111
11111110010011100110110010010101
10011101101110111110101100110100
01011000001001111111100101000001
00011011100100001111000111110001
00010100100101010011001100001110
01111010100110001011110000011101
11101010111110101111111000000110
01101101110001100001110100101110
01010001110110001110100100000010
10110000110010100101111101011111
01001010110011110011001001100010
10110000100011101101010111000100
00100011011000010110001111101110
10101111110110001000111110111100
10010000100110010011111110110100
10101101010100111001110111001010
01110100000101100111010100111100
10100010001101010010011000010110
11110001101011010111000011111010
10000110100001110001011011100011
10111101010111100110111011111100
01011110110100101110010011001000
10110010000011001000001011011101
00001111101111011100010011111001
11111110010000000011001101111110
10101111100111000100001101011110
01000001010110011111110010010111
00111101110100111111010101001011
10101110011110101110010111001000
11110010100101110110111110100110
11011000100101000101110101101111
11010111111111101011000101011101
10011110010000111110000110111001
10110101100000111111101101101001
11101001111011101111111101111100
10000001111111100011011100001010
10010110011111000001001010010110
01111101000011111111111011101100
11010111011110001100100101100111
10111100100011101111000101101011
01011110101101100110110111110110
10110010101001011110110110100010
10010010101110101010101111011010
10111011101100000101111100011110
01011011000011100001100011110111
01001100111001101100110110010111
11101001111001101101111110111100
01000010111110101001010000001100
11011000111010001011011111010101
00100000111101111011011101011100
10110111110110111101001111100110
10111101101011111011100101001101
00111010001011001000010001111110
11000101111110101111010101100001
11010110010110111001011010101110
00001001010010110101001111010111
00111111001000111101101101001000
00111101010110111111111110011011
00001101111011111111000100000111
10111000011001011111100011110011
11110110000100001100011111000110
11010110001110010101111111110000
01010111111111001110110110011111
01011101111110111010100101001111
01110010111001111010011011001110
01110101000111110001001100111110
00011001100101100111011111110011
00110111010010010010110100101100
11100011001010100001011011000010
10110110011010100010110101110010
00110101111000111011110110101001
11111011110110110010000111001100
10100110110101000110001101100111
01101111110100110110010110101000
11110010000011110000001011101111
10100000111000011111010001101101
01101110001100101100000111100111
10001011101111111110000000110110
10011100110011101110011011001111
01011110100010000011000110111100
11101011111111111111101010011101
01110010001100001000011001110110
01011001100010100010010001001010
10011000010101010000000000101111
01111010100100111001010001100110
11110011110101001111111000010001
11110110011001101110101011010110
11111011100111100001010000110100
11101011000101110000101011101110
01001010101100010101111011001001
10110011001011110001001111110111
01000110011000111011000111111010
11101001111110101000111101001100
01100011001011000110011101010100
11000011010100011110001111101011
00110101111000000010011110010100
10001101010011011001111010011110
00101000111001100101101101011101
10110111110111010101001001000110
11100011000000001010001100101011
11101110000100101011111101001110
10001011011111110111011101111011
00100001111111010010011111011101
00111101001110110111111010001111
01010111101111011011010101000100
00100110011001110010011101101111
10001101111011111001010111101111
11100100111101101111011110101000
01001101011110111101100111111011
10000110111011011001111001101010
11011000001110001001101000111101
01100011101111110111001011001001
00101101101011101111111111111111
01011110101111001010001101101101
10011100111101101100111001001011
11000011110110010011111011111001
00100101001101100111010110011001
11101111110000010111010011111010
11101110011111100000111011101110
11100110100110110101001110011110
11011101000101000110101011100011
01000101100111011110100001110110
01110111011000011111010001100001
10000100100110101000110001001100
11111010011010011010110011101111
10000101110110011010111100010011
01010010111010000111001111100000
10000111111001111101100010110100
01010101000111011110110001111111
00100011010110000100100001110110
01101011010000010011010111000111
01111111100000100001111100010111
10111010011011100101001101011001
01100111011010010101100110001100
00101000111100010001110000010011
11011010101011111100111100101101
00110011101001011101111110001101
00101100011111111011111011111110
11011001011110101000010001110110
10110100011100111111100011101000
00100010000100111000011001110011
01011000010100110100101111101001
10100100110001111001110001000110
11010011010100111011010000110101
10000000101110001001110000010011
01011001110110001010011111111111
01111010010001101011101000110101
11101111001100101110110010111010
10010111111000010101001110110011
11010000000100001101010111100101
01001011111011001001000011110101
11110100000011111110110110001001
10001010101101001110011111110011
00111101110011111110100100111010
01001101011001101111100010010001
11001111011110110111001101110000
10001101111100111111111101001011
01001011111111111110010001001111
11100101111011110111111000001100
11000010101010111011110001000110
11110101101011111110101011001101
01000000010001110010111001110010
10100011101000100101101001110100
11111011001101110011001011110100
10000111110011000111101111111111
11011111111010000111010100111011
11001111011100111110011001010000
10100100101111101110101101000000
01000100101001001001011101110110
00001011110001001111111101010011
01011101111100100100100011100010
00100101001111111011101001011000
01000011000000010110101111100101
11100001101011010111111111001110
01001011011100011011010000001011
10100000011011011111100100010001
01011001101010111100011100101001
11101100110001000010011000011110
01011011101101111110111111100001
10111001101000110110101000110111
11011011100101010000010010100111
10000100010110100111110111111101
01000100100000111001011000110001
10101101111001111001010110011100
11010111110101011000110011010110
11110000000011010100100001111111
01101110011010011010110111110111
10000100011100101111011010001011
11010001110111101110101010110001
11111111101001100111001111001101
01010001111101111100000000111000
00010111000101101111000000100111
00010110011001101110101010010011
01101101000011011110000101000101
01100100110101111111111011100000
10111010110011011000110001110000
01110000011101111100011110010010
11101001110110011111100111010100
01110011110011100111110110111111
11000011011010011111001100011110
10101011010101111110000000011101
00110011110001001110001110100010
00110111111011010111111011011101
01001100111001101001001111110000
00110101010111000111000110101011
00001011101100011000000110101001
10010111000011111001110011100111
00110111010011111000000001000001
10101010001110111001110101011001
10101111110010101110011001111100
10001001111011000100011111100111
00100010110101111110001101011010
01100000111101010001010011101000
10110011110110111100110011101110
11111011110100000111011001110110
11100110101010011001011011111111
00110011101111100111010010010011
11101100100010001011011011010111
00001110100100101001100111000000
11000010100000101000010010001001
11101010110111000000010010000101
11001000111010010100101111100110
01110010110000000000011010011001
00011101001001011111010000111100
01010100111111011010000011100100
10001100110111100011101110000110
00101000101010101101110110110010
01001100111001010011011000111111
00001100110011101000001011111101
11001011001100001101000001011111
11111101010101111110110011110011
11010100111101010100111010010101
01001011011011011010110111010001
11011100101100111010111110101110
10110101011110001001110101101010
11001000100001001011101111111100
10001100011110101010110111000011
01011101100011111111001001111011
01111001111001100001101011011101
11010011000110010110101011001100
00010010111000001001010011100100
01000101110011111110101101101101
01000100000011111001110000111010
11100111001010101001111110011101
11010101110110000110010010111011
00101110100000011010101000111111
00101000101001011001010110001111
11111000001101010011010000110111
11001110101110011011001110111111
01000101111000011000100000000111
11110011011000001101111011101010
11110101101110111010101011111101
00001100010101100011100101110111
10001101111010000000111111111100
11100010001100100000010100101100
11111111010110010010101000111101
01111110011000101101100011101100
11010000111101110100010010010110
11101111000000100100001110011000
10000101000011000100100110010111
10110110001001111001001110000001
01011000011001100101000111101100
00111001111100010001101011111010
01001001000110101000110001111011
11110011010111011011010101010011
01000010101101101000101011100001
10100110011101100110001100011011
01111010010010100000001011010100
00101110000000011100111000000100
10010101010010001101010101010101
11101000001101100111001111111011
10010111111111110101100110110111
01010011110111000111101100101010
00110001101000011011111010111001
01101100101100000100100101101100
11110001011010101100110001101011
10011100100111011000100100001001
01110111011000011100111010010110
11001001001111000101101110000011
00010000110101011101010110011110
01011001000011111111001110011010
10110101111110111100010110110101
10101100011111110000001111001011
10110101010011001001111011101001
10111100101101100001100010011100
10011110011000111100111110101101
10110011111111101111100100100110
01010001010010100100101101011011
01011100101101110111110011111100
01101010100111000100100100110011
01000011010101001111001111011001
01110101001010100111001010101011
10000111101010000100110101001101
00101110101111101001111111111011
11110010111001110110111101011000
00011111011001011100100011000110
11000110110101101101010111111001
11011000110110011011011001011100
00111011111101100100101001010011
10011001100111001001100101100110
01101111001000100000010011101101
10110100001111001000100010011110
01111011011011110101011001101101
00011111011000001101000100011101
00011111011001001010100101000111
10011111101011110001100011000100
11100001111010101001101100101000
11010010000001001111101100100011
00101100001110000011011001100000
11110101100000100001110010101101
11110111000010110011010010000101
10101101111010000000110011010110
00111101101010001001011101101011
01111110010011111010101100101111
01101101110010111000011111111001
10000101110110100110000000010110
10011011110001000100110101010111
00101111110000110001101000000011
00101111111011111001110100010111
10001101001010001011011011000010
01100101011111101111110010111101
11011000100011011111011011011100
11111110011000001110010001011000
11100001011110100101101000110010
00110001100001111110011001110001
01101010010111100101010111011111
11101111110111101011000100010111
10101001010010111110110111000010
10100001010100101110011010111110
00111110000100111010011111111001
11011011011110101111000000001111
11100100001111111001101111010111
00111010011101011001110000010111
10110110011111100100100101110111
00111001111101010001010001101000
01101110111110110101011101101110
10101011100010001101101010011101
11011001001110100000010110001010
11000101011011011100111101111110
10101010011101010011011001010101
11010011110010110111010011010111
10100011101010110111111100101000
10111011111011010000111011101110
11001101010001110011110001100000
01111101001010110111101100110110
00100000100110101111010110101011
00110010100001100001001110101000
11101100010110101001111010101000
00100011011111100101011001101100
00110011101101010111111101110110
11010110010011010001000001100000
00100000110101110101111011101101
01101100111011100111011100111001
01101001100011001111101011010100
11100000001010000010011100000010
00011011010111000101101011101011
01110110110011110011110110111010
10000011101111001000111111111000
11111111100111000111101110100010
01000100110100111111010001010101
10100011101111110010111010000000
11010010011000001011010111110111
10111001101001100011000111110010
00001111110000011111111111110110
01110111101011111100100110111111
11001001101110111010100010110111
10001001111110111111000001111010
10110100101010110111111100010111
11010000110001101100010111000111
10101100001111011111100101010100
10111101110101100100111001000000
01101000011100010101111111100010
01111111000000110010110101110111
11111101101000011001010011011001
11011011000110101111110111111110
11111100111011000111100100101000
00000001111011111011101000000101
01100100110010110101001010110011
11110100011111111010001010110110
00110101010111001001001011011001
10100110100011010110011100001000
11100000101011110001111100000011
01011110111000010101111100010101
11111000001001001110101000010011
01111010001000111011100101010101
10110101001110010101110100111101
00000110100010111111111111101101
10011001001010001000001011110001
01110110101101000101110001001011
10110010111111011011101011001100
11101101001001011101111000101011
10000100110001111010111000110010
00101010001101010011101001111010
00110011110010111001110011110110
10111101011011001101010100110110
00010010111110101011001101011111
10111011100010101011010000010001
00111110010110000011110110011000
01101101101011010011001011101111
10100000101110010010101101001010
01111100001100101111001100111000
10010111010110011101000111000101
00110100010011110011111100101110
10111101000000011001011100100011
01011010001101011111100111110001
00010111011101011111111111111001
01100100111111000010011111000010
01100000000000011101011000011001
01001001011001000111110101000101
01001111001011010100100110111001
00001101001101110101010100110101
11101011001010111010001010000011
01111000101001010101000110101010
01011001011111000101100010110001
10010011000111100110111100010010
11101101110111011111001001010101
01111010000111111001110100111111
01011101111101000100010001010010
01000010101000011011101011011100
01010000101110110110110011111100
10010110111001111101000000011111
01100011110100000111011011111001
01011111001011001011001101100101
01010001111101111100111001001010
00101101110110100000100011110101
11111101000111001100001001101101
00010110110011111001110010110100
01101011111001101010000111101111
11110111100111111001111000010111
11010100011010010001001101111110
11111001000001001001011111110011
01011110010100001110111010100111
11001101010101110011101010110100
11000111100010010101110001011011
00000000011011010110000010101101
00000011101011101001011100110011
00001000010111010110110001000000
10100010000111111101111000111000
00001101101111010010010011010101
10100011111111000111110001010011
01110111110111101111111101011011
10100011110111100100011010111100
00010011110011010001011010001001
10000111110111100110111010011000
01100001101101000000111011110100
11000110010011110111110111101110
11000111000100111111011001001100
11101111110100110111011111101111
11110110010101010111111101101010
11011010110000100101011110111101
10011001011100100001001111011110
10111000101010110110011010101100
10110111101000110101111101010110
10110110011011010010110010111110
01011101000000110000000011011011
11101110100101111111010111101101
00111000010111000100110001011111
10110101000100011011111001001110
10001010011100100100111011100111
10011011011000110101010101001100
01011000110111110111101100110111
00110001101111011010110010110011
00011110111101111011010110000100
01001011010011110000101101111100
01011011010011110010101110101011
11110001011100010110000001101001
10100100110000010100110110111110
01111001101000101110011100111100
11111100110001111010101001111110
10111111110101111100101101111000
00110110110011101010100100111011
10001111001101111001101100010000
01110110100101100011000011010011
10100000001100111100011000010101
11011001001111001111001000011001
00010001010101100010110111101111
11110011110011110110100110000000
11110011111101010110111001000100
00001111111101010111111110011111
01000010110011001110110011011000
00100110011000010000101101110011
00010100100100111100101000111101
01111110001111001010101100001000
10011111001101111001011111010110
11101010000101101001011001011100
11110101111111101110011101010011
01101010011011100101100010101001
00110011011011101110011100100111
01111101011000001010010111111011
11101101101110010110001101110101
01110111001011001000010000101111
00001100010010100000011110001011
01010111000100101010010101011110
11101111000111111110000101100100
10111100000111010010100011000001
10111011111101101111111011001001
01101011111110100110101111110110
11111111001001001100111110110110
01010010011011001100101111010011
11000100011110010100011111111010
01010111111101001100110000000001
10001001101001010100001111011101
01101101011000001010001111101111
00100001001010011011110000110110
11010000100011011010011100010101
00001110011011001101000110110111
00010001101001111010000111100100
10110011010110001111010100001001
01011110011010111001110011001001
01110101010001101110011010001011
10100111101101101101101100011101
00111110111010101111010011000001
11101111010100111001001001111001
11111010100110101011000000101010
11001100011111110001011011101101
11010110001001111111111100000101
11101110010100000100101100110111
01100100111110100101010101010010
10111110001111011111100001011010
10110110011011100000110001110010
00110100110011010000111101110011
11101110010111000111101111110001
11010111111111000100101011001101
00011110101111111110001110001000
01011011101101110100111110000111
11110101010110100101111001011000
11000101100110110001001101011101
01100110001111011101110010000111
11111111110001011110111110001011
11101110010011011110101100101010
01001110010011010101001111110011
11111010111111101000011011001100
00101100000001001000010001001100
11010000100010101111110110011100
10000011101100011101000111010111
10010000011100011100111100011100
10110001010101000010111100110011
11110001111101111111111000111100
11111010011010011110110110110010
00100111101100011000010001111011
01100011101011101101111010110110
00011101000001100101111101100111
01101000101101110000111010111011
10100100001011100101111110011100
11101100101001100001010001011011
00010101011101110111000000011101
01100111010000110010101000011111
11001110010111101111001110011111
11001111001111101000100001010111
01011111011111010010001011111001
01110110111011101010101110101110
10011000100010011111001101110001
11010110111011101110011110101010
00010110100100101110001111011011
00010010010010100000011101111011
01100010011111100110001011010010
11110110110111011011011010100111
00000010001110010011001001000111
11001001111110011011010101010101
01101011011101111011000011011001
01011111110001010100011011000001
01111011001110011001111111001111
10101101111101111100111011110110
01101001011100010111110101100010
10111101111111000111100000100111
11100110000110101100100111110100
10011101111111010011001000101000
10011110110110111110101101110100
11011110001000001111111000111010
01101011101110111111101010110110
10111000000110111011011011010100
11010100100011110110111101000100
00110000010110000011011010010111
10101000001111000011010110101111
10011000100110011010010011011001
01000000111000011000101110001100
11111100011111010100101000001110
01011101000110101100000110110101
11001111010000000000010001011001
11011100100111111010110111110100
10111101110110010000110110110001
10000101111001100101010111010100
01110010111110010011100010111101
10110000010010101010110110111010
00111110111010011000010001100101
01101101111100001010000010011100
10000011011011110001010110110011
00011000110001011000010010000111
11101110101011000001001111111000
01100001100110001110110101011111
10111010000011111011110110001110
10110011111100111010001010111101
00000011100110110011010111100011
10010100000100001010001101010100
01100010100111010011101000011110
11001011100000110111011000110001
11100111100111111101111110101010
00010110100010111101010111110101
01111011110110110100001000111010
00000011111010011011111101001011
11011110100101001111110010111111
11001001000111010000111010110111
10000110101110110000001101011100
00010111111111110100110100001100
01101001100001000100010111010101
01000110000110100001111010010100
01011111010001101011001010011010
00111110001111001011011001010011
00011111001111011100010000011101
11001011111001101001000011011010
11111110110011100111000101101010
11010101100011111110010111011010
10110110000100111010111111110001
11110011001111101001100111001001
00111010001111011001011000110001
00010100010011010001001011010100
10101100101000110010111100001110
01111010101000110111111111011100
10111011001110101011011101110001
11111101101011101010110101100101
01111111101111001111111110111111
11100100001000000100100110110110
11000100110001111111110010100101
10001110000001110011001100110000
10001010100001011010010100110110
11000110101001111111111100011001
01010101000100000010110110110010
10101001111000000101111010101110
11110000100111010110100000100001
10001001001110110100100100011001
01010001001111011001011110101101
00110100101010010010000110100011
01110101011110011111111001110011
11001011101011110000110011111111
01011000101011000010010101101101
11011111110101011010001101101010
00111011111100111101111100011111
01100100011001011011011110011101
01000101000111100111010100100101
00111010101110000110111101101001
10110111110110000011101110001100
11011111101001111111001001101010
11001100011001001000011101100110
11111111011000111011111101010001
11111100110010111011111000111010
10101011101010110011101001100011
11011110000111111010000011100000
01111110001101101011010101001111
00010111001110100010110010111001
11101001110010001110101101101101
10011100101101100110110110111111
01100000001101000111100101101011
10011011111110111010110010001011
01100000001111100101011010011101
10100000111101001100110111100110
10110101111011001100001001101010
01101110010111100111001001010011
01001101100110100011111110011101
00110101001011001001110100110110
10010111001011000110011011101101
10101001111110110111111010001100
01111111100011011000111100011010
11011101001101010011010010111011
11100001110010101111111001001000
11011000100101101001111110111111
00001000100001111101010110011011
11110111011101010110000111101010
00111000111000100001001001101110
11011101111100100011110110011110
00010101101011001100001100000100
11110110101011111100010000110101
01011100010101000100000001001100
11101010101100001111001100000101
10010101001011111100010100010100
11001101101101110110011011010111
01100100011001111111110101111101
10110011110101011100101100000101
11101000010110000111100111010100
00110001011110111010110101110110
01100110011101010110010011111000
01110011011111111111110111001001
01011011101111010011100000101101
00010011011110110111000000001010
01101101010101011101011111100010
10101101111000100110010111101111
01010011111100000100100111010000
11010000110101001111000000010101
11100101001100111110010010101000
00010101000110100010000000010110
11001111111001010100110011111011
01001101001011111111010010110101
10001101101001100010100011100101
00011110100100001110010110101111
10101010001001011101111010111110
00101000101010001101001010001101
10111010110101101111101000101001
11000110000001000110010111110111
11001100011010010101111101010101
11010111111100101101010111101111
11001010110110110010110101100100
01010001100101100010000111001110
