00010000010010100111011101011110
00101011001100010101011011101000
10011101010010100101011001111100
01011101010011101001100111000101
11101110000110001110100010010101
11101001011111101101010111100110
10001100001011100100001001010000
01110111010100000100100101000110
10011100011100011001100100101001
11000001111001101001111001011111
10110101001001011011001001110001
10010010011000111110010111011110
10101111101101011100101001010010
10111011101001111010010001011000
10011010010010010101101111010111
10010110100001011011001001110110
10111000000110101110011011011001
11010110110110000000100001011000
00000011111000110011000001000001
11011011000101100011101001000010
00001001000100111010010111010011
11011110101000001000010111111000
11111001001110011011101011101010
01001011101101100100111111010010
01101100010111000010010111000000
01110101000010100111010111010100
01101001000001111000100011111011
00111101010000010010001100000000
11001100101101111100100010010011
10110100000110110110111100000110
11000111001111110010100011100011
11110011000011011011000111100100
11101111100101000111111010110110
01011000001000101011001111111000
01101001000011110010100100100000
01110001011110111001111101000110
11110000011100111100011111010010
10111100101011111001101000110110
01101111101010111110110110110100
01111001010110101001000111010100
10001001101110000100101011101111
10001110010001001001011101000100
10101010001101010000101110101101
00100000000010000011110000011101
10100011000110111101111101011101
10011110111100110111010101110001
10001000011100000010101111011001
01011010001100000001100001010010
00000010001101010100111100110011
11011111110000000110110111011010
11010001100100010100010101000011
00001011110100011000010110000010
01001010100111001000010111001100
01110001111101110000000100010001
01010010010110011000100100101100
01010000100111100010000010100101
00100001001111000000100001110100
11110011100011101110000100111010
10000101000111010111001101000000
01100000001010011111000000110001
01000001011100111011101110101110
01001111011111101001001000100111
10001100001111101110001110111100
01010001110011001001101100100110
00001000000101100100101001101010
00111111010001001011100101001011
11100100000111100100011001110001
00101010110110000001111101011101
00011101110111110110000101000110
10101100010101101001011011000101
11010100000011010010000111001010
10010110011101110000010111101100
00000101101000101101000110000101
10001001010110011100001010010011
01001111111010000000000111110110
01100110100010010111010111110001
10100001001001110011000011100101
11100011101101010001011000110111
00001101111101001110101001011010
10101000110110001000101010001000
01110010100001000110101110010101
10000011110111100010010010100110
10111001001100101101101011111110
10111000111000100110011001101001
00110110001010001101100111100001
01110001010010000001111010111010
01000001011000100011110110000011
11011000001100010010001100101100
11111001010010000011111010110011
11100000001011011010000000110100
01000000100110010010011110101010
01101010101100110001110100011000
01110101000100000001111110000000
10110001111011010011010001100110
10010101010110110010001010000000
10011010111010001100111101011101
01000101010110100000110000010110
00011111010010000001101011111111
00010111001100001011110001111111
00001010100010010010010000101010
10111110001110011100000111001100
10010010011111100101101011110011
00001000000011100000111011010101
01001000110110110000101110111001
10000000110011110011011010010100
11101110101000101101100111000010
00111100101101001110101010100110
01101000100001001111110110110000
01101011000111111010110011110101
11100011011110111100000011111011
10111101110110010011000110011110
00100000100001011111001111000010
00011100000001001111110010101001
10111101111101010111010100111011
11010011011110001011101101010101
10010111010100000101110000100101
11010100100100011101111000001100
10001001111001100000101000111011
11111011101011001001101001000111
01111110110101000000101001000011
00001010011011000001100010000101
01010011000000000010100110101100
00010100011001010010000001000011
11011010100101111101101001111111
01001011101011111010100111101011
11010010000101001010011010011100
11100001110011111000001001110100
11110000011100001010011011001110
11100101001001011000001000110001
01000101111100100001001110010101
01000111100011111000110110100101
00010010101001111000100110101000
10110110110011101101101001001110
11110111000000011000111011010100
10011011110011010110000000000000
00111111111010110100100010000000
10010000001011101110001001100110
01001101011101001111001001011100
10001100100011101011101001001010
10011000100000000010101011111101
10111100101010000110110110111010
01101100101110010000101010000111
01001101010010000101100000000110
10101001100011110110101111011101
10110010011100111000110111001011
00000011110010001100111001110110
10100001000011001000010011101101
00100111110000001101110000011000
01000110111110001010000010010110
10001001011100111111111010101000
01011111011110011110110000011111
11001101011111111101111100111010
11010000111010110000110111010111
10000011100111111011110101101000
11001100010011110010011100000101
11010111010111000011101101001111
00110111010001010111111101010000
01110100011000111001101001001111
00111111010111101110110110010011
10011110110101100110010111011011
01101100110010000011101011010110
11110110100010101110011000101011
00100001001101011110110011001111
00010010011101011001100000011000
00111100101100111011001110000001
00000110011110100011010010101001
11000110010000101101010110000111
00110110111111010101101010110111
10010101110001110010001011111011
01100100001010101100111000010000
10101001101100100010111111010000
01010011101010100101100000110001
00010100010111011110001100000100
10111111000101100101011011000111
10000111100111001001001101110111
01000111100001110110101111110111
01111101011000111011111011011110
01001111100111111110001100111001
11010001000001101000001101010111
11001000000011011100110111000010
10111111110001110001101011000110
00010110111100111100111011100000
10000010101111100111111001011111
10111010101100111010110100010110
11001000010010001111100011110001
10010000100001010001010100110110
00011000000001010000101110111011
10001000111111010000010101111111
10100010110010111011101011000000
11010011010000100000011111001101
00011111100100000101010110001111
10011101101101010011110111101010
01101011110011001111001001011011
01010101111010100001010011000011
10100000110011000010111011100010
11001110000100011110110101111111
00000111100110101111111010110011
10010110010110101001101101010011
01100101011101111010111100100110
00011100000000100100101111010111
00000011001000110001010010101011
01011110010111000101000110110000
10101000100011011010011100111101
11101000111001011001101001111100
01001000111011111111110111101101
00001111010001110001010011101010
01100111001011010111011000101001
01100000010010111110000000111111
00110011110000010001000010011111
00101000100000001100111000111110
00010010111101110111010000010001
01111000111101111111111100010100
10111001100001110000101001110011
00000010110101111010100100001110
11110011100001000111100010101111
01110011001111111110000111100001
00000100110010010000101111110000
10001100011001001000010110110000
11000001101011110100000111100111
11110101000110111001010000101000
11100110100011110101111011110111
01111001010011000010000010111101
00101110001100110001001010001110
01100001110001101101111011101000
00001010111110001110100101100110
01100000100001010001110100110000
01000001010100101010101000010000
11110010111101000111011010100000
01000100111111100111100101010000
11110111110110001000001010010110
11010001000100110100011111111010
01000001101111101001111001101110
00110101101000001101100110101000
00101100100100001000101110011000
00111110011001010011110001010101
00001001000101010000000100111001
10010110110110001001100111110010
10001111100011111000011001110110
11001001110010001001101010011100
10111001111101110011100010110100
11101111100110011101010111110010
00101111101101000110110001000000
10011011100001011011011001000110
10000110001011110100010000111000
11101000110000111100110110111001
01100100000111110110010001010001
10011001011101101010001001011111
00001100001010011100100010110000
01001101001100111111111000100101
01101111101100111000011000110100
11010110011110001110001010111010
00101000010111010000000010010110
00111110010011101011110011101110
01111000100010000000001010101000
10110010010011000011110000110010
00000001110101110010010110110101
00000001101100010001110111001100
10010000011000000000110010111101
01001011001001001111101100111001
01011010111110111110111100110000
01001001011101101100100011010000
11001111000001011000111000111001
11011001011101011110001010000100
11010101000111011000000010100101
10100100011110010000000100100000
00101111001101101111010001111000
11110011000101010100010010110100
00011110101101101100011000010010
00000111011100010111000100001101
10001110101011111001001000100001
00110001000001011110111010011011
10101000111011011111110011010000
10000001001000001111101111000000
11001001001000110100100001010100
01000101101110010011100101111100
00100001010110001010100001110111
11011100001001101001110111001111
10100100001000111011010100110101
00100000110111000111110000001000
11111101001111000111011011101010
11100101111000000111101110100000
00111000110000110000111000000011
11011111010011100010101110110001
10110101100100111110011110000111
11000010100100100010110011100111
01001011001100011100101101011110
11110111100001011111111000111100
00001101111010100101100111011011
11010000000100000011100110010100
11001000011001001111100010110000
01010001111111101011110011011101
11001011100110010000011111100110
10001011001111100011001100001110
11000011101100011100111110101101
00001010100000001000101111001111
11100111100110100011100101001010
10001010101110010001000000100110
01111101101100010100110011000000
00100010101000001100011011101010
01101101111011001111110110101101
10011111011110001001111011100000
10000011100101111001111100000100
11111110100010101111010100010010
11011111001011100100001000001110
10011101001100110000000111111000
01011000010011010000010011010000
11100010001110011100001101001111
00010010000000001010010000011001
00010000000100001111010111010100
10110010100001001000111101010101
11110010011100010100010011000010
11111010000111111011011110100100
10110100100000000001011001101001
01101010010010010101000010111011
00000110110000010011101111011100
01001010000001111100000100001010
00000011111000000001011100101001
11000001000010100011101010000101
10010011000100011011111101001011
00010011000001010001100110100001
11000001001100100100100000111010
10010011001111000001101101100110
10101100110000001001101101100100
01100110011001010010001101010111
10101000000111111110001011010110
01100111010100010101001001110001
01011100010010010010011000111000
10000101010111100011010010100101
00100010010001101101001001110010
01101000011110000010111010001110
11110010000100000001111000000101
11001101011101111010000010101111
10111001010000110111011011100100
01100011110110010001111110001110
01000000111010110011000110011010
10001001101111000100100110010011
00101101001001010100100010011101
00100100100010100011010011011000
00011101000011000101010100101111
10010110101100001001000100110000
11101010101110110001010101110111
00111101011111111101100011110011
11110010101100110000110000110010
11010101011000110110010000010100
10110001001100001011000100100110
00111101100100001101101100000000
00000101110011010100001100110001
00000000010100011011100111110010
10101101001000000011101111111001
01011110001100000000111000011001
11010100001100110101100000110110
01111001000001110111100111001100
11000110101011011011000001100000
11111011010101101100110110011100
10100101110100101011001000011111
00101000001001011101000110010001
01000100101100011001100010111110
01100001110100100010101101100111
11010110110011011100000111110111
10100100100100001010001010011100
00111011110001100101011001010110
10010010011100000101011010110101
00010101010010010111110010000110
01110001001010110100111100000001
10010101001111100000011110100101
00001000111100011000110101000101
10010100110010111010010001000010
01001001001111110001100011101000
01010100101010101000110101110101
01000001100000001100010011001111
10111001010010100010010101011010
00111101100010010001110001001111
00111110011010000001101001010010
01011001110101001011111011100110
00100010000110110110000100110001
10010110000000011011011001100011
11010100000101110101110001001100
01110110010011111101010100010100
11011010111001011101011100001101
10101110100010001111000101011110
11111011011010001100000100001010
01000000111101001101110010010110
10010000111111101100011000111100
11110101100100100110111110011111
01010001110101111101001010111100
01111011011101011100010110001011
01101000000010110010001100000101
10111011010010111000101111001010
10111010011011010010001110100011
00010111100101101100101000110110
00111000101101011111011010001100
10001101111010110000110111011010
01010010001100111001111000010111
01100101000101010100000001100000
00110001000001110111111111111101
00100010001010001111101110111000
00010111010110010000111110011011
00011000101011100100110000010011
00000011000001111100001111100011
00111110011010010001000011100110
00101010100111011111100111000000
10001101001011111000001100000110
11100111001001010011110101000000
10111001101000001110110101100101
00011111110101001111011100100010
00100100011000010010100101011111
11101110101111010111101010101111
11111001100101011101111111100000
01001001000111100001001001100100
00111010100100100011110001000011
10110100001111011010010000111000
01110101001001111100101110101101
00111001011010011100110001100010
01011100010101000111111101100001
10010010001010010000001001101001
10101111111110111001111000111101
11101000001001111001000111000101
01010011101010011001110000010010
11001101110101111111110010000110
00100010100010010000011110010001
10101101010111110111110110000101
11101000000001000001010111111101
11100000100100110111111001100110
10100101000000011110011111010101
00000000111010001110100111100010
01111111001100010101111010101110
01010111000101111100101000000100
00001011001010011000110110110111
01100110111111001001010100101010
00010101101110000101101010011100
01110111010100010011111111110010
00000000000000000000000000000000
00011111010100111100011000111001
00010000010110010000100000001011
00001001111110101101101011100000
01111111000101010100100001110010
10000100010001000011011001111001
10110100111100110110010111011000
11001111111110101001000110101000
01100011010011111100011010011100
01111000000111101101101000000010
00001010010111101100111111110001
01111100000011110011001001101110
10000101000110010000110100100000
10001000111111101010011010000110
01110101011101010100001110101001
01111011111011110011111000101110
11101010110110111100011110000111
11100010100111010010010001010101
10111011011001000101010100101101
01000100010010001011001111101001
01001011110100111001100001011100
11101010010100001010111011010100
11010110010000010001011110011100
11110011011110100101101100110110
01111010101010000111101011111001
11101110010011101000110011000001
01111011001110010000011101000000
11110111100111011011010101001100
00101000110101110001001100001001
10001101000100001010111001000000
10001110010010100101011000111100
01110100000001110000110001010100
11100001010110011001011011101011
01110101010011000101001000100010
01010011001101000001110111000001
01110000001001101000111011111101
01010011101100000001000001000101
11011111110111101101111011100111
01000011001000000100001110000001
11101000110100100100011011110110
11001111001100010011101100101100
10001101111100000100110101011100
10000011010101010011100101111010
10011100110101011100011100010101
10100101110100100001110100010000
01111000100110110101000000111101
01101110001010110001100101110010
11000010110100011011110110001000
11101100011001101011011110101011
10100010010001000101100111111000
00111100011011101100011001111111
11011000110111111001001011100000
10010101010010000001011010110111
10000101110111101001110100001111
01010110100011000110101100001100
10110100100101110001011011101001
10110110100101001111101111011010
10010011100001111000100010010000
11111110000011110100010101000011
11000011001000101110011100100111
11111111101011110001101110010000
01101110010101110000100010110100
11000110111110100001111000001001
01011101000100011110001010010100
00011000111101111110110011111101
11000010000000100111111100011101
01110010111100010010101000110111
10011101011010100011110000001111
01111011000111100000110110001111
10010111100011111011101111000000
10110011001011100000111000100010
11001010011110110011001111001001
11011011100111111000000010001100
11110101010111010010000010110111
00111011000000010110011000110000
01011010010101100101011011011100
10001100011001101011000011011111
11111011010001101111111001010000
00001100000011110100110000100110
00010010110111110001010101110011
01110001110100010010011111000000
00001011000100000110000101010110
01000111001111111111101100100000
11110101010101011101011100110001
11110110101100010111101110110000
01001110100000000110110011011000
01100010001010011110100001101010
01101010000011010010010100101101
10101001100101000101010000001110
00110111111010101011111010101110
01010100011110111111011010110100
01011111100110100111111100110000
11101101001101111101110000100011
00100101001110011000111100111011
00010011111010100111010101000101
00011111110010001000100101100010
01001101001011000001100000111011
00110010101001011100101100110111
00111111111100101100111110010011
01011111110111011101110000011101
00010010101001110010010111010010
00101010001110000001001110000110
00101001101110001110011110111000
00100010000101000100010110111110
00011101001101011001101010101001
11000011011001110000001010010011
11000010100001100100000101010001
00011100111110010011101011101110
10001010110101101000010100000110
00101101001011010000011100011110
00100010111010011011000001100001
00110110111111110101100011010001
10000101100100011101000100101001
10011001101010000001111101001011
00100010100010110011110010100101
11010110010110001110110011000101
10011101001000101010011000011110
11001100001010100111111011101001
01101000101011010100111110101100
00000110011010011001111100010111
10111111101101011011101000001110
10010010010100101101110111100011
01000101110010000110111010110011
11111111101101000110101001000110
01010111011000111010111000101000
11001001011010100101001001011110
00011101000101001111000010100110
00110001010111001001011010101010
10011010001011001010000110100111
01010000011100000100000011100010
00100100000011001110101101010001
10111001110101010100010111100111
00100100001010110110111110010111
01101100100101100000100001000100
10011101001100011100100101010111
01000100101100010101100000001111
00011000011001110011010010001011
01010000111100111110101100110011
10101101100000110100100010000111
11011100011011110110101110110101
00010100000100001001010100010110
00110001001110100001000001010010
10100000111011111001101011010011
01000111010010111101100011110011
00110110101001110001101010000001
00010111101110100010110110101110
00111110110111111011100010110110
10010010100111110001110000000000
11110100111101101101000100001101
00011111011001011001011101011100
10100111011100000111100110111111
01000101010111001011010010101010
00110011111000100110111100011000
11011011110011010100110000110011
10010101011110000111000111001111
00110111011101010010010100110010
11101111000110000001011101100110
01000011011010111000010010000101
00110111101011010101101111000111
10101011101000010000000010111110
00001010000101110110001000011110
10111100001010110111100110000101
10001011000011101101111010010100
11110001111010100111100110000110
11100100100100001011010111110000
10001000110011000101100010100010
10010111000000100111000001111111
00101011101101011000101000001001
11010000001101000110110001000000
01101001101110000110111100111010
00101010011000100111001011101011
01011011110000111000110011100000
01101101110010011101111001101101
01110101010001101111011100101100
01111001010001110101101101111011
01110011110101101001110000100001
11000011010000100010011010101101
00100111011111111000001100000101
01100111011001010101101000101110
00000011011101110110101101000010
11111000000000110011011001100000
00110000110011110001010110100100
11011110010001100111101101010010
01000001010110011110100100111000
00011011001010101101101100111000
10110001101011011101011000001000
10011100001100111100011001110100
00100100101000000111101000001100
10011111101000001010010110011100
01100010110100100100100011011001
00001101010010100001001110100100
11110111011010000110010000000010
00111001101001010011001001100001
10101110111111011001000100010000
01111000111010010110100100101100
01110111001010011000111010010011
10111100111010000100000010111001
10010101001111010111001100011111
01010000011011100100110100010101
00100001101011011010000000001111
00111110111000010111010111010110
00100111000110010010110111111100
10001010111100010100100111010001
00100001111011011000100101001011
01111101001010011011100110010001
01011000000110110011111010001110
10110011111000111111000001000110
00000010110100111000110000010101
00010001100010100010010111010111
10110101010110010010010110100000
10001001110110100111011001111101
00111110110010010110100101000001
01011100110010111000001111011101
11000101100000011010010110100000
10001101011010001100111000011101
00011110100011011100000010101011
11100001101110010101011100110100
01100111001010001001010100100110
10011011001000111101111110101101
11111100110101101011101010101110
11100110110011101110110001011001
10101101100001100101100101010000
00110010100100011000010000001100
11001001100001000100011110110011
01100111101111010110101111010111
11111010010111010011000011000111
01010100000101000101100111000111
01101010100001000001110111110010
01111000110110110100101101001111
00011111110110011001111110001101
00110110001100100111001011011100
01000101010010100111110001000000
10001011000010000001000100101010
11011010000101000101001100100111
00001100011010111100001000110000
01110110101000110001111000111001
00011001101010101010110101110101
00100100011111111111001101101110
01111010010101101100111001111000
00001001000000001001011000111111
10001010010000111010001101000111
11110011001011100001010110010011
11111000010100101001010110010110
01001001100101110110110101110100
00001001001110110111100100111110
10101010010101000110111011111100
10101011100001111100100101000000
10111000110111111011100000011110
10000000111000011111110110111001
00000101111101100101111110111110
01000001001011010110010110101011
11001011010111101111101101110101
10100011111011110010111100000101
01001011011100001010001011110110
11011011001110111010101100101101
10101111000111111010001001001100
10010011001000100000001110001010
11001111111011101000100001110000
01010101110011110111011100001001
00100111001111101011010111001110
10100001101011000001011011010110
10001111011000101110001011010110
10111011100000001100100001010001
10101010101100100100111000110010
01101001110000110100101100111011
00011111010110001000100110000100
00110101111001110100000101001111
01011010000011101100111100101001
00100001111010110110110110011010
00011001011110100010011000011010
00110001111110010011101110001110
11100110011110110100101000000000
10101110010010000111010000100110
00110110011100111101000000001110
00010001100111000110001011010100
10110110101000101111000001101001
11000011110111010011011111100001
11011110011110111001001111001110
01110100001100110100000010101000
01001010110011100110111111111011
10100000100010111110011111010011
00000100001100010011010001101110
01011010111111111000010010101111
10110010110111001000000001101010
01110000111101101000010101000010
01100110110100010100010001110100
01000101000011100010000010000001
01110111000011101010101110000010
01010010111001000100001110111101
00000010001110001111111010010110
10000001001001101100010000111011
11001011101111010111011111101100
01000001110111010001010000010010
01100000011101111110111001011101
00100001010111010111111101101111
00001101010001001111001110101001
11100011000000111000010110101011
11000101110001110111111111010110
11111000001100010011110111100111
11100111001011111111101111011010
00100110001111101100111001111011
01010110011001110011111001100110
10101110010100000000000101011110
10101010110100010011101111110100
11000100110000000101111010010000
10010011001010111110010001100110
10101000010011001000010011101011
00101000000010110100011100101001
01001000100001001001100100100100
01110010110010010011111000001010
01011110010011101010010110011011
00010111100111011101110111110011
10101001010101011111111111100111
10011100001000001000100011010111
01010000111110110011011100100011
11100110000001110010110011111010
10001001001110001001100111000100
00011110001010111010011110000001
01000111000011110011111111000010
00101100001100111100001101111001
11101110000000110111100011010100
00011010001011011001111100011011
11110011111010010001111011011111
10100100001100111000010100000011
11000000111101010110111100001000
00010110001101010000000000001010
11110001010000011100011010010000
01100110010000110011101000010101
10001000010000100000010010001101
10000001100110011111101100000110
00100110000101011110010011001000
01101001011010101010100010111000
10010100000111111010010010010110
10010011001100111011011111100001
11100111011110110111011100101100
11111010010110011110010000000010
10001010101010010000001000111110
00111101000110010101010010010101
01111001010001011010001110111001
01011110111010111111101100100100
11011011000100100000101110010001
11011101100100001001011101110011
01101111010001000011011110011001
01001110100101011000001100111100
11100001000001110001111111101100
11111011110100111011110010101000
10101111110001111001000100101000
01011011111110011100110001110111
11000110110101001000110000110101
11101011100001010000100100001110
00000111010101101100011011001100
10011011100111100111001011100010
01001101011101101101100111000100
01100011011001001100110100101011
11101010101110000011100111000101
00101011110001000100111100100001
01000101011101010101000000011000
10101011101010110111010011100100
11100111001010110011001001010101
10110110000100111000011000101001
00111110000001110000101011100000
01101000101100110110011110100011
11110111110110100111100011011000
01001010110111101011001000101000
10001111011011001001001110011010
01001100001011101110100100101001
10111101011011001010101001001010
10000111000001101110110110110000
10011000010011000101000111011001
11000110100011000001001111001101
01101101110100111100101100111010
11001101001001111101010111100000
10101010000011100101000110001100
00010001100101000011000000000111
10010011010010111101110000011111
01110011100111010100111010011111
10110111000001110000011010001111
01000001000101110001001100010111
00011001001001111100101110101000
01100001101000011101010001110111
10111111001101010011011001111011
10010000010100111010110000101100
00000011011111101000010101001000
10100100101001100101101011011001
00110100011101100001100110010011
01110100100011110101100010111111
11001101010011011111110011100111
10001100101001100100101110001000
11111110111001111010011001110100
10101111011010010010100111000101
10110100010010010101110000100010
00010010100111100110111010101101
01100001100100000101000000111110
11010100001000010100000110100111
00001001000000100001110000010000
01100111110110010101010110111010
11110011101110011110011011111101
00110000110011111000001011110011
01110111000011010011111011001010
00001111000001110101010100101011
10001000000110011101010100000010
11010010111010001000010000001010
10100011110101110100111000011110
00011010110111011100011001000010
00110111110100000100110111001101
01010111110010011000110101001111
10000011000010010000111110110100
10110110001010101000100001011011
11011101011000010001001011001110
10111100010101101101101001011001
00101011101000001010110000100110
00000001110001010000101100001001
01100111000101101101010000101101
11000011100110011010011111000010
01001100111010001100111000111001
10011000110110000101100011001110
00011001011001001010111001101110
11101010101100111110111011110111
01011000010110010101110010101001
11000100111000101000100010010110
10101110001100000000101011111111
10000111001000011001111011111001
01011110101011011100010100100101
11101110110100000101011011110111
00011111010010101100000011111000
00110010000011000110001011110110
10011000011111000111111101100101
11001011111110000111011000000000
00110001011110111010101011010010
01000000000110100011001101101100
01010001101001000101010110100101
11000010001100010000111001111001
10100011111001100001111011111101
00111110010000000010001111111001
01101000101001100011011000100000
11010111010111110101111011111101
10010001111001111100100111101110
01000011111010110100101100100111
10100101001110111100011110010111
10000010110001000100010100010011
01110011001000101111101011011001
00100010110011111101100000110011
10001110100101101101010111010010
00111111001100101100001110010011
10101111110110110000010111101001
11000101001100101110100100000001
10111011001010100011010001000101
10100100101011111000000100000011
00010100011100001101001000101000
01011110000001011011110111000010
01101110001010111110110100001011
00001010011101100111010111000001
01110000010000000011001011001010
11000100011010111000110000111110
10110100011000000000100000011000
00010010001010000101110001100010
10001000101011010100001010101100
11100101011110111110101000011110
00111000001010010110100100000110
00010010111100011000001100101000
10110101110010011110100100101001
10111011011111101001111100000100
10101111000100011001111001100101
01010111110110010100111010001011
01001100101011001011011101101111
01100001010111001010110001101111
10101111101001110001000010111011
00001101000011010011111100000010
00110010101000000011111110010100
10001001111010100101111000111000
01010110000010010011000111111111
11001001011101101110100011011101
11010110100001100010000100010000
11101111011011000000001111011101
10001001011011111100000111010011
11011010001010101111110010011110
00110010100000100111010110001100
11111001010111000010101101001010
01010000101010101110011011110011
00011000101100010000100000010000
11010010011000100001011000011011
11111011100010011010110011111111
00110111100010101001101111101111
10111101000011000111100100110011
01101011001011111101001010010100
00011110111000101100100000101000
01110011100110100010000000011000
10100100110100000001010011110001
11000000011110110100011000101111
00101111110101001111001110011000
10011010100011101011011110000011
01011100010000011101010010010001
11011010010101101011001011101110
10111001000000000001001110101100
01001010100000110100000001000101
00000100101010101001101011111111
01000001000000110100101111001001
00011110110010101011011110100000
00110000110111100101010110011101
00111100111111101110100000111011
00111111000000011100100110101100
11000101000111011011110111001100
11101100000000001000011011101100
00001000111011111100111100110101
01110011011101000000101000001111
00110000000110011001011111101111
01110111101000100010010011100101
00111100001011000101111111111100
11101011100010000111101000000001
01000111000101011101001001011101
10001101100010010111010011110001
00010010001011001110110101111111
10010111000100100110101001100101
00011111011001001111100111111001
10001100011101111110010010011001
10010110001010100001001000101110
10011000011000010110000011011001
10100010100001001011011100100011
10100000000111010110110110010001
11110101110101001100111011001101
11000110111011101111001100010110
01100110011101001110010111011001
01111101000100101101011010111001
11000110101000110001100101010111
00101111110010000101000110110110
01111110111101110010000010000000
00110101111100111101000100010100
10111111011010100101001001110101
10100000110000101001101111111111
01100010110100101110001101011100
01110101001110000000011101000110
11010111011001110011110101111011
01111000100011111011111110000101
01111111101011001100111011000000
10011001101111111011110011001100
00010001011101101011111100011100
00001000001111101000101110111010
11111010001111001001010011111011
00101101101010111011000000000011
10110111000001110011111110100111
11100100001100001000001101010011
11011110101001101111110111100100
11100100100111101011100011111001
00101110001010101101001110010011
01101110001010110011000110010001
11111100001111001110010110101010
00010111011000010111000110110001
01100010110001001100111010010001
01011001011010011011111100011000
01101011000010011111010111100001
10101001011100110100101100111010
01011100001101000010110010110011
00001001100000110101001010110101
11111011111001010101110000010101
10000110000110101110111001110101
01110100001100110110101111110011
10101111000000100111101100101111
10000111001001000101010111111000
00001011000101101000100010001111
01100101011000011010000111000111
01110101000011100010010001000010
11100111010110100100100010100111
11111110010001100100110111000111
10001111111110110101010011011011
00101010010111001110001100111010
10010001001101101101001111010100
11101011010101100101001011110010
10000111010100001001000011011110
00000100001100100101111010101100
00000111111011110111000000011011
11001011000110010111101011011011
11101001100010001100011111011110
11100101101111000000110001010111
01101101111100011101000001101110
11000100101101010000101110001010
10001100001010001000001100011010
01011110110011100010001010011000
00000100101111000010110010101100
10111111001000011110000110011011
00111010111111100010010101011111
11010101111000111110010011010111
00101110101110010100000110000001
01001101100011110010010001110010
11001101100010010000001100100111
11111110100001110101100000101111
10010101010001010011110000001101
10101110110000010100001100100000
11000001110110010000100111000110
10011011110100100011111111110111
10001011000001000100000000100101
00110100101000011011100001100100
10001000010011110110100100110010
10111000000100101011001000110110
01101100111010011100011010100111
10111111101001000111100111000001
00010011001011011010101110011011
00011000100110111101000110010011
00110010111111011010100010110110
11010111011101101001110011001000
11010000000100101000001011011000
01010001010110111011011111110011
01111110000000111111100011111110
11100111001111001101000001100100
11101101110101011111000111111001
01100100100010111100100001111100
01110000110100011111100111010010
10110011011111011101101010001110
11001101111001100000001101110111
01011011100110110001101100111011
11000101011001010100011010010001
00010011110111011111100100001111
10101111001011011011011001011101
01000000010100000110100000101111
11011001101011001010110100110001
10001111001010111110100101100100
00010100101101101001011011011111
10001010011110001001000000101101
10001000000000000111011010011100
11001010000110111111100001110100
10100011110101000111001110011100
11101111011010000011111010101000
11100111010011101010011101001010
00010100001010110111000011011110
11000111101001011000100010011100
00110000110101100101100101001010
01110010001011100100001100010001
01000110000101010001101000110100
10000100101010000000101010011100
11110100110101110110111100111110
01100011001011110011011111000101
01000000100100110010110100010010
01100111011101111000011100001100
00111001101000100000011111101110
00111110001001110000111100111111
11000110010100010000100100010011
11100110010010100100001111011010
11100111011101000100110000111001
11010110111111111110011001001000
01000010100011100000010110101110
11000000000001010011100101111001
01000111100111100000010001111010
11010101100100100000001110011111
11101011100101110010101110101110
11000011010000110111011000101000
00000110101100000111000010111100
11111000111110011110110000101111
01000011111100000000111010101110
10000011111011101001110011001100
01101011101000010111001010011011
00010101111111011100111011001001
01101000010010001011010110001000
00000010101001110001101110010011
00110101101000011000100011111011
00000110000010111111101000110100
01011101100010000011011001000101
11111010001000011011001110010001
01010010010000000101110010011110
10101001101110111010000101100001
10111001000101010110010111100110
01011110110010100100111010000010
01110010011110011000001111101000
00100100100000101111010111001010
10010011001100010011010010000011
00000101100001000100000000011010
10010110101110000011000101110101
11000100101011001110010001101100
01000111100101001010101100111100
01101110101010000100100100011010
00101011001001011101011000011111
10010110101001101011101100110111
11000111010001011110101001010110
11000101100111101001101111000100
11000000001010100111000100101111
11000000010011101000100010011001
11101100001011110010100000111111
10101000001110100010010010001010
10001100110000110011101101100110
00001110010110110111100111110101
10001010110000001001010101100000
00010011000101100110011100111111
00110000010111001101000001100111
01100010011111101100000111010110
01010100011100110001100101100001
01011110011001011001100111000001
01010000100101111000011000111100
01010010011111001111110110111101
10001110101000110100111110100100
00100110100100011101101000110111
11000111001111000010111000111111
10101101111110110011101010100011
10111110000000010101111111001110
10101111110010011111001000001100
11110100011000000000110011110001
10010110111101001010010110001001
01110010000101000010110101101010
01101010011101011010001111100101
11010010010000110011011110101011
10010101110001000000100100011111
11010010100001011100000110011101
01000000100010001101111110001100
10010011011101110100101000000111
11011000101111010101011000011101
01000010001011111001011110110101
11011101001101000010100011001111
10101010111001000110100001000101
11111110011100111000111001000110
11011010100010001001010001011101
11001101100010000000100001101100
10000101011001000000111101101111
11101100101101111000111111101011
11110010011011110110010101101000
00000011110101011010011101110000
00011000101110010011110010100010
00000000000000011110110001011000
00001010100010011001110010100011
00011001010010101110010001100010
01100110011111010110011000001001
00100011111000111110111101101000
00111100100000101010101011101111
01111110001000101100101110000010
00100111000100011011101001100110
00101100000011101000100101000101
01110000100100011010000101111100
00111101011011111001010001000011
10111111000110110011011001001101
00010101000000010111100101010111
10000100110000111000010000011000
00001001000101111010001001011101
11111011001000110111011111011101
11111110000111001101000110111000
01001010001000011000101110000101
11110000100110000000110001001101
10001100101000100111011100111011
00001010001011111111110010101100
10011110101010010010000011110001
00110010010110000011111000111101
11001010001100101101001011101011
00110101010110110010101100100001
10010101110100101010110100001110
10110010000010100000001111001001
11001011000000000000101110011000
10100000011001001110111111110100
10101100110000011000000101100001
11011111000000111011111010000011
00010001010101111011111000111100
00010010010000010110001010011100
10000011010110001100110110110010
01001111101011000011011011000001
00000011111001100011001011001110
11000000001000100000101011100101
10111000101100111110101001101110
10010101111000010011001011011000
00010111011001110001111000100100
00001101110110001100101010000101
10010111111001100001001110101101
11011011010100011100001101110101
10001011011010010011001000111001
01110100000001001001010010111100
11000011000000100010010100101100
11101111111100101101010011111101
01001100011001100111110101011000
00101011001101011010110110101101
10011100000011001000110101101011
01101100001001110000010101100110
00001011011000001001000000101110
11100001110011011000000010001101
10011110101000101101101001001111
01101011100111111100000000111010
00000001000001000000111001110101
