10000011101011110101001001110101
10011011100101000000100001000111
00010011000011000011011011000100
01000000100011011000010001101000
01010000100001110001001000111011
11000111000111100011110111111010
00111111001010011010011100010000
01001010101010000110000111001101
00100110110000100100011111101100
11101010001001011111000011000010
11110110010000001110110100010000
01111010101111010000101100011100
00101111111000111111100100010010
00111011001110001100110101001111
11100111011110011100101001100101
11111011101101101100000010000101
10110111100011110011100011001011
11110011111101010110010001110111
00010111111000001000100100001100
11010101011101100111000101010100
00101101001110010110000101001101
11001110110111110010110101011101
00010001101111000010000001000001
10001000011011101010110011000000
11101000111101010100001000000010
11001110000101100001011001011111
00100100011001110011100010011011
00011001000101011100101110100100
00111100001100010001100010011110
11110001001101001110010001111110
10111011001111011111011111100110
01010001111000000010111100001011
00000111000000001100100100101101
00110000010100000011010000001001
01001001011101000111000110001110
10101000001000110011100100000000
11111110010001001111101011111001
10000110000000011111000001110001
11111100101011110111011011000000
00000110110100111111010000011110
00101000110110000010101000111011
00110010101111100100100101101001
10011010001010100101100101000111
11001000010100101000000001010110
10111100010111000010110001011010
00101110111110001101001111001001
11001100110100100101001010010101
10111011001101100111000011110111
10011010001101011000100011011011
11110110100001000111100111100101
01101000000100001000111110111000
11001011100100010110000001011101
00101100010110011000100111000100
00100110101100000000001111111110
00100100101100111101011101011010
00001110010100001010000101011111
00101010101100110001011010111010
10111101000000110010011001000100
10000111110110110011010100011010
10111101010111001101101000110110
00111101100110111010101000101000
11000000000010111011110000011100
11101011001111100010100111101100
10010010011011001101100100001101
01001111000000010001000110010011
01010100110101101000100000100010
10000000100101000111010000100001
00110100110111100010000110000111
10110101100010000011101111101010
01011001001000011101100011010000
01010110011100010011001101111010
01101001110111000110111011011110
11001001101010010000100001111001
10000101100110110111110100000111
10100110100000101000110101011011
10101111110011110111001001110101
00010011101100101101101101101001
10100100110110010111000001100111
11100011001101111011111011001000
00110001111101101011110100000001
00111111001001100010000011100001
00010111110011110100010100010110
00011010000100010101011000000000
11000000110111101001110101010110
01010011001000100100000101000111
11011000001001000000010000001011
00111000011000011101111110000101
01001100100000000000011101010010
01111111011011110001001011101001
00000000001010000001000011001010
11011000011110100001010111111000
00000111011110000000000010000101
10110100001100000100101010011010
01111111001011011101000110001010
00100110111100101111101110110110
10100111011100101000100011010110
11001010010000110001100111110011
00001111001111011010011100101011
00011101010000101010110001010000
00010011000110000000000110011101
00101100100110011001100100010000
10000001100111000111000011001100
11110111000101011111000100111101
11100001111111110000100101000011
10101100110111110100100000011001
00010001101010010010100110001111
01010011010100001110110000101001
00000010111110011011000111000001
10100111001111000110000100001101
00110000001110100000111011111011
10000110110100001011100000011111
00100000110001010000010101000000
00010001110010000101100100101001
10100110110011010010111011000000
10101111101101101001111101011001
10100010010111011010110100001000
00101001100111100100010000100001
11011110011011101010001101001101
11101111110010111100111111110001
01010101100101110110101101110000
10101111111110111010100000010010
11010110010011100011010011000100
10110001010000110101010101001011
00010111100111011110001011011001
01101101111110010001101010110000
01100011100010101001011111101001
01010100001010010101000000011101
10110010111001011011100011001111
10101101101111110101001111111110
11100001011010010011000111111010
10100000101100101010100101100011
10101110100111001010101010010001
00111110001011011001011110011011
10100010101100001001010010001011
10000000011110010000111000010111
10100011110111101011000010011000
00101001010100001100000010100001
00011100100100100010111001101111
10000000011101001100010100101000
00001101100001011111100011011000
10001001110011110011000101011101
01010001011110010001110011101000
11110010101011011101110011101011
00100100011011011101010111110000
01010110010010100000100010010001
00010000111110101000111110001101
11001011100101110100000000001010
11000110110010010000001110011100
01100000000010100111001111010110
10000011111000011001100101000001
10010111010111110100100000100110
00111110100011000110001010100110
01100011010101001011010001110001
00100000010010010001000000000101
10000110100100110000101100001001
01001111101001111000000011111000
00101001011111010101100011100101
11111010000111101100110101010100
01010110010010101010101100001011
10000000000111001101001001100111
11001000100111000001001001010001
11101001011000111100100000001111
11000011000001001101011011010001
10000000100001101000000111001011
00100011110011000001001100000010
00101000010100000000001010101000
00110101101001011011010100101100
01100011001111010011110000111100
10111100100010110000111101011010
00111100001101011110110101111000
11101100010111010000110000011011
10101110000000101000001001000011
01000010111001010111000100010101
10011101010110011011111000110001
01011010100000101100100101001010
10011101110001110101111100111110
01000011001110011011000001100110
00100001001011010110001111000100
10001010110100000001001010110100
11110110101101000110101000100101
11010000010111100001100110011011
01001100000110110010010100011111
11011110110000001011100110000100
11001001110010100100101100001000
01001101011011111111100010101100
00111101001000110000010100000001
10110011110010001011100000111101
01010100000001100111110100010110
11100101010110110111101110101011
10000000010111101101110111100101
00100110000011111010010100010100
00010000111101000011011010100011
11000001001000011110001100101111
01010000010011001011010000110101
11000001010000000100011000001100
10101110101111111000001000000101
01101000111101101001011100011000
11111110001101110100110000101101
00100011100101010000101110111010
01000000100001111001111111010101
01011101001000001000011110000000
11100000100110010001001101110001
10000001100100011110101010100100
01001001000110010110111001000111
00111000011011111110001001101111
10001000001000101011101101111011
10010010001010101100000001101101
10101011100000000011110110101000
11010111110000010001000000100110
01101100111001001011000010000010
10000001000110010111110100011101
01100111101101001010111010010001
01110010111111001010100011110010
10001101001100110110011110110001
10100101100011001001001011110100
00111101000011000101000101001111
01000101001111101110001000110100
11001010010111000110110111010001
00111101001110111100110000000001
00001111000001001001001011011101
01111100011011100000001010101011
10000010101100110000111001011001
00001110000111100110111101000010
01111101111011001001001101011100
00111011100100001011011111010011
00011001100010101100100111101011
10001011101011100010101100111011
01011101011010101011000011000001
10011011110010000110001101111010
01010011100110100100000001110100
11001111100000001101011111011111
00000100110111010011100001100001
00111011000100100010101000101101
00000010111111000110000110010001
01001000101010111101000100101111
10010011111000001110001101101011
11110000000100011110001010111101
11000101011000100100001001011010
10100101111000011011100010101010
01101001110001001100111011100011
00011100100101001101011001101000
11000001000000000110100101111100
01011111010000010001010010110110
10001011101001001110010011110001
00011110001100101010000100001100
00110010001101100110101011010010
00110001111101011101000000000101
01110000101001011000100010110101
00011010110011111010111111010110
10000011000011010100101011000100
01110001000001101100101010011000
00000001101011100001001010000000
00111001110001010000010010111100
00010001000111100110111001110110
00010010011010010111011001001100
01111000100010010111010001000011
01001000101100110110000011110101
11101100100010011100111000111100
00111110000010001000010011100001
10100101110000000111101110000000
00111000010111000111110001100010
01100101110100101101101101111000
00100111000011100011011110100001
00111101010011001101011101100011
01010111010110100011110001000101
11010100111001110110001110011010
11111100000001110010010001110011
00100011000011100001000001000100
11010000110010100100010010010001
00000111011010101001010001111000
10000111011011001110010100000111
10001100001100101000111110100000
10011001101000111100100110011100
00101000001011111011101011001010
00001101010001111010100010100011
01110010111100100100100011000010
11000010111111101011011101010010
11101000001110010001111110001101
00100000010110101001001000011101
11001000010111010111100000111110
01110100001100100011000010101001
00001011110001011000010111010101
00110001101011010000110000001010
00011010000001001010110110000010
11000001000101010111100100001000
01010001101110111000010101101101
10010110111010011100111010101100
11000010100011100111011110010010
01000101111100010111110110100110
11111010001010100000000001111001
01111111000000000110111100011001
00100101011001011111001000100011
11010000011100010111101000100110
01011100001111110100111010010101
00111101001100100010001111000011
00100000111001001111101001101010
10100110111000010001000010000001
00000101110000000100101000100110
00001000100001000111001000011100
00110001010101010010001100000011
11011011100101010001001011111111
00010100010011110111000010101010
11001111000000001001010100011100
01000100001110011110000011110111
00101011010111100011100011000001
01001101101010011011100101101000
01000010110001100100011001011111
11011010010111000101000011110010
00100001111100100110000100000001
00100111010100011100100111100111
10101000011000001111110000111100
01001001101111100100110010100100
00100010000010000001001100100100
00110001110110010001110111001100
11111000010100000101101110011011
11001110110010101010001000001001
10000100010110001111111000110001
11110101000010011101101011001100
01101100010010110111100110110011
11000111100011111110000011110100
01010011111010010000101000010111
10000010100110010000000011011100
00000001101011001001001010111110
00000000000000110101110111110110
01111001110010001110000000100010
00011011001110000101001001000000
00011110010101001111001001111010
10111100111011100110101100000111
10011001010100010010101011011011
10010010011010001111100100001000
00111000100000001010101111010001
01110000100100100011011111100001
11011001001110110110111111011111
11110100000111010010000010100000
00111100101111010110100111001010
00010111110000010110010001001001
11011110110001010010001001010000
00010000101000010000100011001110
00101100100001100100110001111110
00111100101011010001001011100000
00011101101001101110001010111011
00110000001100011010001111001001
11101010000000001000001011100000
00011001101101101101001111111000
10100011111101001000111011000100
00111100110010110101000000110111
11001010000100000011101111000110
10010011000100011100110111011010
10100011111110011110001011110100
11101100100011001010011110100110
00110111000010101000000001101100
00010100011011111110011001101110
10011001110111101111000000000001
01101100111110101011111101001011
10011100111101010011001111000011
01011000010000101000010100111111
11100010010011111011000110011110
00101010010100111111010101000001
10000000101001111101000111101110
11100011101100011001001000111111
11000101101100100011100010110100
10010000101010001010101011101110
11010100110101000101100111010001
11010010111100010000001010101111
00000010010110111010100010010111
00000001111000110101010000101111
00100110101100111001000001000101
11100101110000010001001110011010
00011101110010010110010011011011
00000001011011011101011001010010
11011001110100000110010100001000
10000010001110010011101100100011
00100001100101101011011011011001
00101110110101101010001100011000
00010101000111000111011000000011
00100000010111101001001100101000
00001000000111001110000001011010
11111110000100100001000011000010
10110111010110001111100111010001
10100110001100011110101010100010
10011111100000100110010000011110
01001101010000100110000100001100
11000001100001001101110111000001
00100101001110001100100110000000
01011001010100101100001101001000
11010000000100000111110100000111
01011111000001011011000111000110
10000011000001001111101001001011
10111101001000001000011111010011
01000000000010000101010000100101
01000011001001011110010100011111
11001011010110100111101011100010
00110100101100100111001110000010
10011110100110100010110001011110
10001100000100010011000010000101
01111100001100011011000100110010
01001010110010000101110100000101
11010110011000110011000000100111
10100011000010010110010010110000
01011011100110111001000100000110
00001100011101011101101001110010
00000100010010000010011001110000
01101011100000110110111000101011
01101100101111001001010100101001
10000110011110000101110110000110
11000000111111101000100010010000
01111001000100001101010111101011
11111001100010011101001101101010
00111011001110010110111000001101
10100000110100110001000011101000
01101100000011101110000000010010
01010001111101110111110110001001
00001101010001111110011001001101
00011110000101001010001000110001
00010011000011011000111011000100
11010100001101000000010111110011
11000100000111010110100110010000
01011111100100100001001100010001
00000110111000000001100010101000
10100110011100001101100010000010
01010000100001010111000000010010
11000111110000100001000000101001
10101010111000100101100001001010
10101001101110111110101101100011
00100000011001100100111101001001
10011100000001001111111101101110
10100010100010110010010110110101
11000100001100001010000110010001
00111001110111100000010100000011
10011110111111011001001011010101
00110111100110110111001000000000
00000000000000000000000000000000
00110101011001001111000101110000
01010111101000000000111000100010
01010100100000110011100100110011
01111100011100100000100010000000
01010101111011111100001010000111
01011100001001000111010000001000
01001010101000001001000111100001
10000010001000100100111101100011
10111111110010111100001111010100
01101111101100000100101110110011
11101011010110001000100010011011
11100000111101000001110110001100
01011001000000110001101010000111
01111010000110011001110001001010
11000110010010010001111100110101
00010000001100101111001110000001
11111101010010010000000000010001
10011000101001100100111100001100
00000001000010001111100100100000
00011001000000010100100001011110
10011001000101100011111101100000
11100001110111011011011110011010
00110000001001001100001001100011
00101001101011000010000111001010
11100010001000100001101000101011
00001100010110110110010000111101
10001111010100010000100001100100
00000110100010101011100000000100
01001111001111001001000010000000
00001010111010101111001100000000
00000010000001111110000011100011
10000010100110111100000100101100
10000010011000011001001100010101
11110110111010000000011000010010
10000110010010111111100001110011
00010100010001000100000011101001
00010101011010000010001101101000
11001011001011001111111001000110
10111001111001110110101011011000
11001010110001000100000000100000
11100001110111101001000101000100
00000110100011011010010101100011
10100011011100111101101110000011
10111001000010101010000000110011
11001001000100101000000001101011
11110101111011001101010100111010
01101011101100010100101010001101
10110010000100001011110110101111
01000100000011101010000000110101
10001000100001011011010010001100
10110101101010111000001010100111
11011101110000000100111100111001
10000000111010111100100111101110
10010001001011101001001010110000
01100101001010001101110000110001
01000011001010110000110000010110
10110100001111111110111010101111
01101001100100100011111011000110
11110000111010101000100000010100
10001111101011101100110001000100
00011001101101110100111110010111
11100000011000001100010100100101
00100101101010000010001001111010
11010001010010100000000100010101
10111000000100010011100101111000
00100100011101101001010010101110
11111011111110001100100011111011
10110100101000100100110110010101
00000000101011110111001101010111
10111010000000111000010011001110
01100010010000000000010000110010
00011110100011000000010100101000
01010010111010000001101100111110
01101011110010100100010100100001
10101110011011010001000000011100
10000010000001101101100011100001
11011100111010000011111001100100
01100000000010100001011010011010
10011111101101100101101100110010
10110001110100001100101111111011
00000100000001011011000001101110
01100000010010111100011010111110
10111111101100110011110100011011
01110101000100101110000011000011
00000010110111100110100101100010
00011100001100000000110000000100
00001001101101110000010011011110
00011011000010010100010011111010
11011100111110000101100011100000
00110110110100010010010010011000
00110110000001111010110111110010
11110110001101001011111011100101
00100100111101100000001100101010
01000100010101101011110110011100
00000000011011000111111000010010
00010110101010100011011100011001
10001000101110000111111111100100
10100110001000111011011000101000
00111100110100110110100011101100
01000001111011101100001110011000
01011010101001000011011110111101
11110101111111101010111010000110
00000101110111000000101101101011
01000100000100101001101100011100
01011011100010000101001110100011
00011001100001010010001010001111
10000011011001100101010111001001
11100010001001011100110011110110
01101000110000001111101100100011
10001111111000000000000010110100
01010101110111010000000100100110
01001011000111110110000100100101
01111100110001001111010000001010
11010100010100110100110000011000
00001100000001111011101100100001
01000011110111101000010000101110
11010001110100110100101100010100
00101110001011010110001100000011
00000001010110110111001000011010
01010111000100101000100110010000
01000101111001100111111100110100
00001101010011101100000011010010
10011101010000100001001010010000
01010001001010101111101011101111
01000000101001010110110000100011
10100001111111001011011101011010
00000010001101001001011101011101
01110000110000110001010001001001
11100100100101111110111000000101
01100001011011010111001001111011
00101000101111101010001011000001
00001110100010010011011100011011
00111011111100110001010011001000
00111000000000110000100011110110
01010001111011001010100101000011
00100010110000100001011010000011
11000111111100011011111111111000
00000011100000100100001001100110
10110100111111001000101110101100
01010100101111011010000010110000
10010100010110111011000001010001
11010001000101000011001110000101
00001011011110101001111110010001
00001011110100000100000111110100
11010000101001001110101000010100
01110001110010010100011011001000
01100101110100111110000000011010
11000010111111000100010110010010
10000101010000011100001110000101
11100010011000010110011010000001
10110110010110011000111100011010
01001110101010000001100010100110
00010000011100010101010011000000
10101110101001100111110011100110
00100011000000101010011111101100
11101110101001010000101000111000
01100000100100010010100101101101
10100010110010110001001100001111
01001001000100001000000010011100
01000101010101000011000010111011
01010010101110110111101010000000
11111010111010101000010001100101
00010100111111110110010110001001
00110001000000110110000000100011
00000010110001110011011100110001
10001100011101010101011101100100
01100101100110010100001011100011
10111000010010110000110010111001
11011111011000101000000110111010
11001111110001001110000011100011
11100001100110010100011011010101
10101101011000010000110110100100
10110111000101011101011101000000
00001100101100111100000010110001
10100100010101101001101110010000
11010110111000010000110011001000
11010000000000001010000000000101
00100000010110111110110111100010
00011010000101110000010100010001
10000101111100101101100011001100
11101000110000101000000100110101
00100001100000111100111100010000
00011000000010001000000110000101
11000000110100011100100101001110
00100000011110010110110111001101
00000010110000110101111001001000
00010100101100101101010010010110
10101001110010100000101000001000
10000000011011011100001100011101
10100011100111010000110010111110
11010110100000100000001011010000
01011110000110001011100001101100
01100011110100010110100101011000
11000110010000001100010010100101
10010011111010000100111111010000
10001010001000001010010100000011
10000010110001100110100111000111
01001101011100000100001000010100
00010000000000010011000011010000
01101101010110101000111010001101
00000101000000001111010001111001
01111000001110100110100001111110
00010101111011100011010100101111
10000000010110101000100000000001
01101011010000011011110001010110
00010101001010011111010101100011
10101100111100111111011011001101
01011110010100001000000111000111
00000011000111010110110110010100
01011011010101001100110001011101
01011010110010100011001011000101
00001011011100011100001111100101
01011001000001001111000000000110
01111101101101110011000011100100
00001011010001001000000100100011
11110010101000010011010000000100
01100010011100101000100011000001
11000101110011111110001111100100
00011000111101101000000010110010
11011001010101010110010110101011
01010001110100101110101100101000
01001110001101000010110101011000
01111111111101110100001000100111
10010001000111010100110110111010
01001101110111101101010101110111
00111100011010000100011100101010
10111010001000101100011000010000
01000010101000111010111101000000
11100011101100110101011000110000
00100101101000000000001111111111
00000010000100011111010010000001
01000101111110111110001100010011
10011010100001001000111100110000
01110110111000100100010101101011
11110110110101101110101011100010
00011011100111101111011100101111
11101110000111110011001011110101
00000010111110110100011100110001
10001010010011000101001100011101
01100001111001011100110001101111
10010010110101101001010000001101
10011100000101111101010001101111
11110101000010101011000110000011
00100000011001111011101000000011
11100011001000101011110100111000
00000001010000110000011101110100
01100000000101100001010110001101
10000001010101101111101111010000
10101010010000100110001000001000
01101001110110001111000101111111
10010010100011010001111011101100
00010000111001000110111101001100
00000010000000001100101000001000
10010000110000101000001001110111
00011111111110011000010000010101
01101000101100110000000010000110
10000111001010011001001010100000
10011000100101010000110101100110
01110011100111011000011000100100
10100010101000101110011111010001
01000100111110000101100011110100
00000010100101111110000000001101
10001110000001101000010100001100
00000100101000111001010111100001
01010110111011110010111100011001
11011100010001010101101111000000
10000011001000010000011110001100
01000110001010001001001101001001
01001100111111110000011000101111
00010000110000100110001101001100
11000000000000100011000101100001
01000110100001010100100010010110
00100010001110110011101101000010
01110101100101010001011011000100
00001010000010110101110111110101
11111111100011111111110001000000
00111010101111111110101101100001
10000010101110000110011011011111
10010100111001011010111111000101
11110010110010101000000101000110
11000000010100010010010100100110
00011000001110101001010010001000
00000111001101000110000000100000
11101010110111000111001001110100
11010011111010011010000111010000
00001101010010000111001101010010
10100001010111110101101010001010
01011010111010110111010011001101
00010111111011010110010010110110
10000010011111001001001001011011
01110000000001111100111110010010
01111110011011110000111111100110
00010010110100110100010011110010
10110101000011110101000101010101
01110110010100100100011000100000
00011111001010101001000110011011
00000110000111111100100101011110
01011110100010101111001111011101
11000110000101100000000011011110
01100111101110001101101000001000
10101110000100101000001000000001
00111000010010010011001001010110
11000110001010100110110000000010
11101101111010011011000001101010
11000000001100000111011100101100
01100010010001100000100000011100
10000001110101010111011100101101
00001000101100110101110110111010
01111010100001111010010000001001
00101011110000001110111010000110
00000011110100000010010001000111
10101010101100011101110010011001
01010011000000111100111010100111
00101111100000001110110110010101
01001011110111111101100001101110
10011011000100011000000010111011
10000010100000100010000011001110
10110000100000110100011011111000
10111010000010000100001100100110
00111011001101000010011111101010
01100110110101010000001111010100
11101001011100100001110000101011
00100010100010011110001110001001
00111001100010000001101011101100
00111101011010000110101010001111
11010100011011000100100100011001
11100110110001100111010111001101
10101010001010100010010010100110
00110110001010100010001011100111
10111101001101101000010011010001
00100100000110011100110001100101
01101011011001001101110000101011
10110101101101001100110000000000
00100010000000001011101010110111
10101101101011001110010111010101
11011100110100001100011011111101
00000101101111001000010010000111
01111101110111100101001001000000
01011100100111110001010010110000
00001111100000110100111010110010
01001111101000011110010011001001
11011011011001011000100010011110
11100100000011110000010101111000
10000110001011000111000111111011
01100001010100101100100110001100
10010100100101011111000101101010
01000101101010100110000000000101
00110001111111100110000100110001
11100010001001110011100100100101
11000011001001000001101110111001
11010101010010101010001100011010
00101001101101010010000100110000
00100110100000100101100101110011
00100101111010001111001100011101
11001001110001111100100110100000
00110101001100001100001010001100
11000101000011010001100011101101
00100100110111110000101100100110
00101000110101111100110010010010
00000011100011010011001000000100
00101010000000100000010010101101
00101110000011110110001001111101
01001000010101001101100010110011
01101010001001001001000111101100
10100011111000100000001010101100
00001000110001000011001111000111
00101101101010010001001011011011
00110111010100011000000000001011
10001010111101101110010011010100
11101000101110010101001010000011
01000001110011110110010111110110
00001000001110011101000100000011
10000010000101111010001011000110
10000000001010110011000110100101
00000001010110100100010101011000
11100001100000010101000001000100
00101100111001011111010111010010
10011100001100001001001101000011
00000010010111001101011110001100
01000111101111101111100101001111
00101001001100001111011000111011
11100001101101100110100011001001
00010011010001011010111100001101
11001001001001000111010110111000
01110011100000001111000001001011
00001000110110101000000011100110
01110000011011111001101011101010
00001100110010000111111111000010
00101010000110010000010010000010
00001110100000001001001111100011
00111100000010011011010011000000
00111011101111010011001100000101
11100000001001100011001001111000
00001100100001110100110111001100
01011110101000000100110010101001
00011011100110000001000101101001
01010111011000110110101001101100
01111011001010011110101010000100
10000111011110111110100101010100
00110000010111000101100011100101
00011001110111110000100110000100
10110000101011011000101111000101
10001001001100101011001011110111
11110100100111000001100001001000
10011000100010100000110000000100
00011111101001000010110110001001
00010010100010010101111110110110
01101110110010010000000010001100
11101111010110101000100010111001
00101110110100000010110110000010
10100000111100001110110100101011
00110110100010101110010110110010
00011100000010101000101000001010
11000010001000101111001101000101
01101001100011111101110010011010
10111100011000001011010000000110
01100010010010010110110000101100
00011111001110100111100000110110
11111000101101000001111000000001
01111010000000001010000000100010
10110100111100100000100000000110
00001011001000001000001100101010
10011000110001001001011100001111
00011100011110011010100111111101
11101000000010000000100110100111
11110011001011010100011110011111
11000000010100000100010100011110
10001101101111110000110100000101
10101101110100001010100010000001
10011000011001100100000100000110
00010101000100010011000001000000
10011111100000100001111001010100
00000011110100010100111000101011
01100010101101100100011011010000
10100000000001100001111000110000
11000111110001110000010001010101
00001101100000101100101101100101
01011111100110001101111010100111
01011001101100101001011100101001
00010011110001111001100001100000
01010110101001101001110110000000
10110011111110000010110111110000
00011010001000010101011010101010
10010111000110111001100011001001
11100110000001101011000010101010
00001010110011101011101000111110
01000111111000000111010001001010
00001100100101101000011111010101
01010100110000001100101001010001
00000111110111110010011100100110
11110000110100100010000000100010
00111000110100000011000010101100
01001100100011001010100001001010
01011010101101111010011011101100
10110100101010000011000011010010
10010010101101100011010011010111
11110010011111010000100011100000
01101000100010000101110110001111
11000000110110011001010011100011
00100011001001100010100010101110
10100001011001011010011101111011
01000100010000001101010000101000
01010110000010011100011011100010
00100101110101110010010011001101
01110001001011001000001001011001
00100000101010111111001011100100
10101100100110011010011101110111
01010001100001110110010110110110
00000000010100011100000111110100
11011101000010010000110001100101
11100001100100110100100100011101
11100101000000001101010110110011
11100011010111111001111010011000
01001011001101011011001100000101
11110111001001100101010011011101
00101010010111100111111100101101
11101000010101011100011010111010
01111010100111100001010001001001
10000110110110001010101100010000
00101011100001100100111000111001
01000110110101010011011001000000
00100001101101101101101001011110
01101110001001111000100010001011
00100100000110101101111000011001
00000100110110010010000110001100
00101011110001011111100010011110
10011001110000100011100111000000
11110101100110111110001110101000
01101101100110011101111101010011
00000110010000111111110000000001
10000111100110001100001100010011
01010110101111000010111100010111
00000111101111011110011111010000
10111000001100001111111011111110
11111010000111010100001001010010
00100010111101010110110011010010
11101010001100001101000011000111
10101110001101000100010000010011
11010100101001110110100011001100
01110011011110010111111100001100
00001110111111101100010001001011
00100001011010001101100101001111
11011110111010011111101001101011
11000110010011001001010011101001
00101000101001011010101011011100
00111111011011001010000010111100
00100000100101010101000111110000
00010100011110011000011000011101
01111010100010010000010011000100
10000001011100100101000010101010
11000010010011010000000000111011
00101000011101101100100110001101
01000110111110010001110001100101
10010111001100111011011110101001
11001101000010101100111011000101
11010010100111011011001010000001
01110111010000110010110100011101
00001001101101111111110100011111
01011100000110011100011010000101
01010010101000011011011010110000
01011100011100010011110000100101
11111000001110110111110010000101
11110111000010000101101010000111
10111101010100000101011100110000
01100000011001000010000000100010
10000001000010100010001101001010
11001101010010010011100110110010
01100001101011111010001100111110
01110011000110000010001001000111
11111001000000101011010100001101
11001011001010011100111011110100
10111010011010110100011010001101
01001111010100011100111000101011
10100111100100001110100110011110
10000000010100011100000011010001
10010110001010000000101000001011
00101111110000010000010011010110
11011100010010000100101100101011
00000001110100001100011000001111
10111010001001001001100111001010
01000000110110001011110110100101
11111000010101000100100001100001
10001100100110000011000000010010
11100001100101110111010011000111
01010100001010000000100101111000
00110111000110010110000101000000
01001101001010101110001011000000
10110100010001101111111110101111
11011000010000011010110011010011
11010001000000011010011100000001
00001111100000110110000011000000
10100101000000101110110011000101
00000001101111111010001111101010
00001011011000100010101001010011
00110111100101000110110011011100
11110001110010000000111110010101
00001011000100110111000110101000
01001001000011000000101110000001
01000000101100010101100001111011
01100100010011110010111101011010
10101111011000111010001000010011
11010000010011000111111011011000
11001000101011101010110000100101
10111101011100110010100011000001
10000001111011010111001011001110
10110100110000001000111100101011
01100100111001000000100111111001
00010100010110011010011111000111
10101100010011110000010100001000
00001000010101010101000011100100
11111010001010010100010000000011
00101110010110110111011010101011
01000011000010000110110001100100
01001000000101110100011100110001
11010100111010100001010101111001
10000011111111111110011010000001
11010010000101100011010010100011
01101001011110110001001001000011
10011011110010110001100100100010
00100010010001000111100000111111
00101001111000101011011001010011
11001111001010000001010001111001
11001111110000001100111100000110
01101001011010100010010010111101
01000111110000010010100000111001
00001101111100110100110100001010
11101000100001111000110100010110
00111000000011111001101100111110
00110011001111110001011001010001
10111110000000010000110001111001
00011110101011110011010011000110
01001011001000110001001100100101
01111011011101111111111000010100
00101101000000101001100000101000
11101110111011111000000010100011
00100010111110001000001010000111
01101111100101001110101111010001
10001011101001110011011010101000
00111010111110100110101000010000
11011110110001101111000111101101
01001010111001010011010011011111
01101111010100100100100001100101
10110001100010001100011110110110
00001111110110000111111100010101
00000001010000000000100011101000
01111001000110111100001010100100
00100010000000110111111011010001
10010010001101101110001111101110
10101001100111011000000000101111
00000111101011100000000110010001
10010111101001011001001011000111
00110010010000001000010001010001
10001100110010001001110100010111
01000001010100001100000011100011
00000010011000111000000001001011
01100001000010100010101010111101
00100100110011100000011000010000
00000000100000100000001110010010
01101010000100110001000000111001
00100100110001011110001001001100
11100110001100011000110000011000
00000110010000010001110000010100
01110110110111101111011010000011
10100001110010100100000101001101
00011010001111001110010001000101
11111100000001110010110110101000
01110001010010100101011011000111
00111011110111101000001000110111
01010001110000011000001011010001
01110001110100110011100010010100
11101100010011101101110010010001
11111010000111000111110111010100
10010101000101101101010011001000
00110100000110010101101001110100
00101000001000001010000000010110
10000110001100101101011101000101
01000111001111101011011111011110
10101010110010101001110011100010
01111111000001111001000101110001
10101010100100001111010000100001
10110101000100001000101110010101
00010000011011001011101000000101
00110110101101001001101101000000
01011010100110111111001010001000
01000101010000111000111111000011
00111000000101100100100100101100
01011000010000000001100101000001
10101000010111000110000000001001
01101000010100010000001011100011
10001001000011100000000011001100
11010101100100011100100100100001
11110101001111001100000100001101
11111100010000100010100101010000
01011010110100000101001010000010
01011010001010101001011000001100
10111110000111000000001101101011
01110101010000000010110110111010
11100010001001100010111011101000
01111111000010111000011010010110
11011011101001010000100010001010
01010110010001010010100100100101
00110011111000101000101110000100
00001000000011110010110111011001
01111100010000010010100000111001
10001010110011111111110001101110
01000001110011011100010001111110
11110010111110110010001010101001
10011100001000111111011101000000
00110011101011101000100010000111
10000101000111101110110011100000
11111011000111111100101101110100
10000101101110011001000001101000
10000101000101011111101001010000
11101011100100000110111010111001
11000001001111011000101011100001
10101100000010000111000110000111
01000110111010101001101011000111
11110001100001010001101011000100
01000000010010001011110110101101
01100000111001111110011011100011
01110111001100010100001000010001
01111001001010011111100101010011
10000011010100100001100010100111
11101010001011000101010110100011
01110011010011110001101100010000
11101101000000101100100011100000
10100000010101111110011000010110
10110100111001100101011001101100
01101101110110001001000111000000
11000000101101111101000100010100
11011010010111001101100000100110
11111000110010011000001110001111
00000100111001100101111101100001
10001111111100110101010000010100
10010000101010100111110100111001
01000011111111001101011011011111
00011011001001101011101000000101
00010111011101111011111000101001
10101011010100000011010001100010
01000011101011011100011000100011
01100110111110111000010100000100
00011101110100101000011011000100
01100110011101010001110000010000
00100011111001000101111111000110
10100100001000001010110101000100
11101010011000010011010111111010
11001000001001101000001000110000
11001101001000100001000100100000
10100010101111001000001111011000
00000101001101010011010111010111
00011100000000010000000110101111
00001100101010110001001001001010
00010011011001011100001000110001
01001000110101000110111011111110
11111101111110111010011100100100
01010001010101110000111001000111
11000101000001001110010010110110
10010111001110001110000100001101
10111100011111011111100100010000
00001001110001010000000111011000
00111110010111010010011110100110
00001001000100010011000011010110
00001000111000101010110101001001
00010100001000000101111110001010
11000000110110101011111001011101
10110000000000010000110001011100
11000101111000011000101100000001
10110101100111111001100101010011
00100000000000010110000111110000
00110101000000000001000111110111
01100000111000011010110101010001
10000110011101001100001110101111
11000011111010010000000010011100
10001110011010010111011011001001
11000000011100100110111001000000
01100111001100000010011100100000
01001000010010000111000101010100
01011100110001001010110001101001
01110010100010010110110101111010
00011000000010000000001110100101
10101001101011000110001111110010
11010100110001001001011110100100
01110001100101110111001001111101
01000011111010100100110100001100
00100000101000010100001001011011
11000101110011001000011111101011
01010000101111100000001100010001
10101000101101000100110110000000
00111000000011001111011100000100
10011001101111010101010101010000
00100011011101111001000001010111
11010101010000010110100111110000
11000010011110101101001000111110
10010100000100110000010110010000
10000100101100000001000100010000
01010000000100111000011111111110
11101001110010101000110100101011
01101111001101010001111101000000
10001010001001001000010001001101
11101100000110111010000101000101
00010000001110100001101000111100
01001110110111101100011000111100
11011000111100010110010001111100
00001000100101001001100000000001
01110101101111100000011011001010
10001001000011111001001101110111
01110001101100100010011101111110
00110001001110010001000000110100
