10010101001110101101001111100100
01101011111110100111010100111101
11111101101001101010010010000101
10001000110111010100110010111001
11001000010110100101101011111100
11001111101011100111011101011011
01110010100111001111101010110011
00000010000111100011000100010101
01100011011101100100111010101110
01001001001010101100100000110000
10100101111011001001011001010111
01000010110010100010000110000000
00000010111111011001111010100101
00010010110011100111110110101101
01010111110001111010010111111001
10011100100011010111111111010110
00100000111101101101101011000110
01001101110001000010000011001010
00010110011000011101111011010110
10001111111010011111111101111001
11011011011001001110010100010110
01010111001001110000011000001001
11110111001101011100110010111100
01101000100110110001100111011010
01010111111101010100100011001110
10001010100110100000111100010111
01000011100100000100011101111010
10000000110000100110111001111010
00110010011100100111001010001001
11111011001011100110101011010101
01000010110101110101000111001010
01010111111000101011111001101110
00110100010011100010001000010100
10001101111100000100110111001000
10101001110101000001111001101110
00011011011110111110111001011001
00100001111000011101101010011111
00011001101101110111101111001101
10100100101110110000110111011111
11111101000000100111110110100111
10011010001011010111000001101001
00110101111100011011011011101011
00111000111011100110000011010000
11001110000100011100011000101111
01010111100100110101101101110011
10000000101010001001011100010010
00010100100011101111110100101111
01101011111100011100101000010111
11110101111111111000101110001100
01101001110011010001101100100001
01110010001111011011101000010011
11011100101111110001011010111000
11111101011010100010110101101001
01110001010110101000101101110100
01011011001010110010011010101111
11010101101111001101010110000111
11011011000110001100100000111010
00001101010000011111001000011001
10000000010000000100000011100100
00011010010000100011100010101000
11111010010111000110001001001001
10000110101111101111000111011111
11011000111010110111010011001011
10111101000000011000111010010100
11000010110001000100010000101100
10001100001000010011011111010010
01100000111011011011001111010100
01100000000101100000111001101010
11011100010100010000100000110011
01000101000000001100100111001111
00111101001110001011111011111011
11001101101000101001111111011000
00000000001000010110111001001011
10011111000000000101011011111111
01111100000111110001001111111110
10100001111100011011001101000110
11110000110111000110100001011111
10001010111101010101001101110010
11101001000110011001001010001011
10000101100111001100101011101110
00010101110011111111001011101001
01000000110101001101100011101110
10111111001000010001000101000010
11111001000001111011111010010011
01011001000010000111100111101010
01110100001101000001111001001011
10111001010010010100100111110011
01010010011011110001110111000111
10011000111101111111000101001111
01000001011001001000111010101110
10101111001001010000010100101100
01101010000111100101001000111101
00111000110010100110101111011000
10010010010110010011000111011011
10110010110101000011100010011001
10000110111100010001101100010011
10101111010110000001011101101011
01001111011010101101001111011001
00010110011011001010101110101001
01110100101000100010101111001111
11110111111100101000011011011101
00111000010111010000101111100011
10110110111100011100100001000110
01111110100111110101110101001101
10110100111001010101101100111000
11001000111011011011011100000100
00111001100000100100101111100001
00100101101000111010111111110010
00000000100101001110001010101011
10011001100001001111010011011000
00111001111111110011100010000000
01000111110000010011011111110110
01110001001000010110001001010001
11110011101000000001000001111010
01001001101101010011100111001111
10000110110100100110100010100000
11110101110010010111100100110000
11100101101110111111011100111000
01001111001011110101111011110001
01110110100010000100111110000010
11110011011110101101010111101111
00111110011101000101111000101001
00111111100000101010010000111100
01110110101111111011111110011001
10111110010110100100110110111101
11111101111100011010100100010010
11110000101100101110111011111100
01111011101110100101000111111010
11110110110100000100001100011010
00011010001110011001000101001000
00100111100111011011100010101011
10110110010011110111010101111010
00111101011000110000111011110100
11111010111011000101111010011001
01010110101111111011111010101001
11111010011101111011110111010101
01111010111000111011010100100101
10111000010111010011000011010010
10100101111010000011111101001000
01101010011010111100100010000000
00001111011111011010011111111011
00101010010111101110101011111110
11111110100011011001011001011100
00110101110001101110001010110101
10110101011100011110101101001111
11010010100111011111101101101101
00111010101111110011011010100011
00010100000000010111011010110110
10000101111101111001101110010100
01101010101101111001001100100111
10010011110010111101111110100110
10010110011110010011001001010100
11001001100010110010111110100100
10100110011000011110001111010000
10001010110001010000011000101101
00111010001101111101000010101000
01010001011101111010000010010111
01010011001011101100010010110111
11011010111110110100100001010100
10100000100111011000100100101010
11010101100001100001100100011001
00110111010000100111101110010111
00001100111000000001000100001101
01010010100001000101010111101111
00011101100011000111011100000001
01010111100100101101110111110101
01101010100101100101110100010110
00111100000000000100100110001100
01001010111011011110000111001101
00000001000001110100111111001110
11000011100001100010101110110110
10010011111011110111101101100110
01110111111011011010010111011011
11110011100110101010011011110001
11101000011110101110110001101101
01010100101101010010100001001100
11100101100111001111111111001111
01100111100101001111011011001110
00000100011101010100111110000001
01000101100000100100100110011010
11111001101101000101011010011110
11110111010010101111110101011011
01001011100011100000111001011011
00011011110001100001000111011101
01110000111111111101100000000011
00101100010110111010001110111011
00011111100010111001100110010010
01011010011000100111000010011110
11111111111111100011011011001111
00111111001110101110111100110110
11100100011010100100001111010010
10111101001111010100101111111000
10010110111010000110011001001111
01110001111000001100111100010011
10101101010001101101010110101010
11010101100111111100111010110101
00011001101001101001111000111110
01111111000011100101011010101010
00010100101101100011010111011001
11100111001111110011011010111110
11110100101101010110101111010010
11101010100001001110111100111010
01001101000101011111110110000011
10100011101010101010011100101111
10000110001010010110100100011111
01101111011101110000010101011110
00101011111111010000010111101111
01100001001100001010001111010111
00011111110010010111110101110000
00100101101110011010001110000010
11110110000011010100001011011010
01110110001010101000011100101111
10101101000100011100001000111111
01111001101000011001110110011010
11000001111100100011111110110110
01100110111111000101010111011001
10000011111001110110001101100111
11011111101101010001000100001000
01111110110011110110001110000001
00101010001010101001111011100000
11101000111111101010111110101101
11111110100001100010101010000110
00110111001010100001111100100110
11000110100101110111111101111111
01111000111010000000000010100011
01010101001111010101111000011100
10011111100110011100101000011101
11111011001111100011110011110011
01001111100101000001100101100110
00010111001001001100111000101110
01110111011100000001110111101110
11100111010111100101011001011011
00110010000110111100000000100111
00011001001110000111110100110110
11100001110100101101100000101100
11100000001111010011000110011011
10011110011111010010001101001011
11101110110001100110001110011010
01100000100101100000101101101111
10011110110101001101001110001111
01001010001101011110111110100100
00011001001001010100001100000111
00010000110100101001010111110011
11110100011100011101101011101000
00010001011101110110110010101100
10000010101100101100011110111110
01010000100001100000100111101100
11000011010110011011001001111000
00001111101101100110010111011100
11010101101011111111011111100011
01101001100001101000111101000101
11001110101000000100100101000001
00000010100111101101110000100001
00101111001111010011101011000010
10010101101010111001100100101011
00011100100111010101001000111111
01011011000011011010101000100110
01101110000001000111011110111100
10011100010100001111110101010110
11010110111110110001010100000000
10100110001110100111110101100100
10110110110101111111101000111110
01110000110010111101110101110011
00000101011011100101010101010111
10110110000010111001100000100011
10110101010111111010100101111110
01100010101100101100100000010110
10001101100000000001111010100101
01101001111111011000110010111101
00000000100111100011100101010111
11011100101001010001010001000111
00111000001111101001111101110010
01011101100111101110111010011101
00010001111110000010001110111110
00010100011110010100011110010011
11110100000010100101101010101101
10101011100010110110011010111000
00001011110001101010000011111001
01011110100111111101110101110011
00000000101101111101001001101111
01010010011101111100111110111010
10111101101001111110011000111000
01100111011011011101001110001110
01110001100001001110111011011111
10110111001100010110101001101010
11100111011001100001111000001001
01100010010000100101110010110001
11100111001010010010010110000011
11111000101100100010101111111000
10011100000100001100110110110001
10110100001000010111001000001101
10101010110100011000101000101010
11010111000100111011111000100111
10001101111011101101110100011001
10010011110010010111111111011101
00111101100001000110111001111101
00000101011100111010010000110111
11111100100101000000100110001000
11111010000110011011100110101110
01100001010001101000111001110001
00001111010110011001010101010101
01011011111101000000000011000110
01100011010100000011101110001100
01010001101010110100010110101101
10110110011110101100100100000011
00011000001001110101110101100111
00110010100101001100111110100011
01110010011101101101111001011100
00110110101110010000111010101110
01011001001001101111000100100000
11011110111010100100001011101010
11010100011011100011000101000100
11010111101000001110001010111000
00010111100000100100011101010110
01000011011001010111110111010100
00111110000010101010101111110110
00001011001111000111011111011111
11111111001100110001110110111100
11011111010100001110101000101001
01101100110110111101011010101110
11101010100101111010110000011000
11110000101111010101101001001111
11101101101111010100101010111000
01110001011111011100111100100101
01110101100100111000110010100011
10100000100100011011011111101100
10011100000100011100111111110101
10010110010001101101100011100111
00000101100110100111111010010100
11001110001111011110100011010100
00110100000111011101101011000010
00100000111101000100001010110100
11011001100101011101001110001011
11000111111111111110100011000010
01101101001011101110111011001011
00100111000110101000011101010000
11010101100001011010111011110011
01101000100000100111110100101011
11011001101010001011100000111001
01000011000000000110000110111001
00110111001111011011001111101110
01000110011010111101001110110001
11001001100101010101010010101111
00010010000110010000001100000010
11111100100101001111011001111001
01000101001000011010010111000001
01110111011010011010000000101000
11001100100111011111000010101110
00001010101000101101110101011101
11011011101111110011101111001000
01110110010000001111111001110111
10110010000000110111000011111011
10010010010111110000100101000001
01100111000011011111100111101100
10010010101111111101010110100001
00000010111011110000000101001010
00010011000001001110001011010001
10111010000101100011101111101000
10101000110001110011011110000001
00110101110110011101000100001000
01000010101111110111111101111010
11110110000010011110010110001100
00010101101011101101010010010011
01111001001110110100001100111101
01100011010001010111100001101100
10100111100100110101011001101101
00101010110111111110000011000000
11010001000001111111000101100101
10101110010010111100101001000110
11010101110011110111011110011100
01101101000001001011111001100111
00001001001010000001000010000001
11101010110101010100101100111101
11010110101011000111001010011111
01101010001011111001110000110000
11001010000111111111001011001001
10110100010011110110110110000100
10111111100111110010010100110011
10101111011110010011000101101010
10110000001011110110001110100000
01010110110001101110011110111100
01011111101101000100001000111001
01000001101001110000100101100010
10101010010111011111110111110101
00110001011110110000110000001001
11001101011110001000111000100011
00110111111100111100100101001000
00011101010011100100010101101101
00000110011010110100001110100011
00001010110100100100101001000000
00011011101101110000110101011000
11110100001100101001010101001001
10011001110011001101010111001001
11001101011000010010001101101110
01111110001000001000111000110010
10101001111110100100101101010000
11010110110000110110111000000101
11011101111110001011011011111011
11111111111111000011011010010100
10010110011011001010111011011111
10111110011100010111101000001100
00101000011101100011010100000010
10101101011111111111011010001111
00000010100110001000011001101011
10000011110100101111101110111011
00001100110000000111100100111110
00011011000000101111001111110000
11101001100110101101110000000011
10101111011010110111100100111101
11011010011011001011001100010000
11001100100000110111110101111010
10100101101100101001110100011101
01100111111101110011100011000011
00001110111111010000001000011101
01001101011010100110110100100101
11011111101001011101101110111110
01101100100101001100001011000111
00001000011011011011011011011011
11111011111001111110111110000111
10011000100100001000000011001011
00000010011110101110001001011101
10101110110010101101111111111011
11011001111011111100011110000011
10011001100011110011011101111101
00110011100100011010001011111110
11100111100110010110100001110011
00001011111101111010000011110001
10101011001001110100101010001110
10010110011111011001000110010110
01001101011101010101011111101101
11111110011011111001111001110101
00000000000000000000000000000000
00000001101010110001000000100110
11010110111001001111101001001100
11110100001000101111100111011010
00001110100111100010110001000110
10000111000110110101000011001111
10110100010010010111001011001100
11111111001011000010101001111110
10100001000101000001011010111010
00010011100011001110100100101111
11000110001110110100001010101100
10100011011001001101110100000000
11110001100011101111000011010011
00111101111100101110010011000010
00011011010101000101011011000000
11010011101111101001000000010111
00111010100110100100110011011100
00110101011000100010100101111110
00110011011011000111011000101101
00111111011001010111010000111111
01111000110001100100100000001001
00000110111011100010001010010101
01111101100001010000010101111110
11100011100001001110001101101100
11111100000111111110101000000110
11000000101100001110101111101101
00110011100010100001110001000101
00001110001111101111010101000100
00010010001111110011010001100011
10110011100110111111110100011010
01111011101001010000011100001101
10101010010110010111111100110011
00011101010011001010001001111100
10110011000111001010111001000001
11000001010101010100101011101100
11100100101101000001010110000011
01111011011001101011001100010010
00101100000001100011011000101100
11010010100010110010110010111111
10101010000101010111110100011111
10001100011011110011010001011111
11111101001110111111111100100110
11011111100001010000011011111111
01101011110001101001011110001101
11011101001000011100111000011011
10111001011101110110001011000101
01111001101100000110100111111101
11111100010110101111101001111000
01110110111000111001000110001010
00011101101110100101111010000010
01011010100100000110010010101111
00111100010101110000100110111011
01011010000000011010101100011110
11101001101111001000001001110000
01001101111000111101010000011100
01000110110111110111001101001101
11010100111111110101001100110111
01111100011110101011101101100001
11100000000011011101101011010101
00001000111111011001110101110001
11110110011100110101111111001000
11101010101011100000001111011111
10010010100111100010010101100000
01101101101111100011111111000101
10101111100010000101101011001011
00011011110100100101000111100011
10110110101111011110111111111011
01000111011001100111110110100110
11111011111111000111110010000100
01010000110100110111101111100111
11111000010111010101110101101100
11011111010101110110111001010111
00111010010000000111110001110110
11010000001110010010110101000110
11110101011001101111110111111011
11111100010110111010010011011101
10111001010110010100101000111100
00001011001000000001000111010101
11101011010010101011111111100100
10111100100000101001111010011010
00011001111110001011011110010010
00010100000011000111100000010100
01011111011111111001010000100000
11101010100011110010110100011111
11011010100110110011111100010001
00110011011100010000011110001101
11110000011010111010010111011100
11010100001111011111111101011010
11110010100110011100011100010101
00011011110001011000110010011110
11110100101111110001110100010110
11010001010010011000111111101000
10100101000110000101110110111111
11111011101010111111111000100100
01001010101110111101010110001000
01111101010101110111001001100000
00011001011001010010101010001001
01010101000011100001110110100001
00101001000101010010101100100111
01010100010010101100110001100010
11111001011011011010101001010100
10000101110001001001011001010101
11000111011001110111110110100001
01100101000011100100101101001110
00100101011101010110110011100000
10110111000000101110010101111101
00101110010000110011000001101001
00011101100001001101111101001011
10111100010101001111101111010011
10111010000101011111111100110000
00000011011111000111110100111100
10001110000101100110000101111000
00100001010011000100001110101111
10010111001001001111011000111011
11111111101000100100101101110111
11111011111100011011000000100001
00110101101010111010101101001101
10010111011010100101110111100001
11101110001000001011000010000001
11000000011110010001111010100101
01100010100100101010101011110100
10000111000100111010001110110110
01001011011101111000010111110110
10111011111111111011001111001110
01110100010100010111111000001111
01101101000000101000000101110101
00101101001011001000110000101101
00011000001111100001001010101010
11010011110101010110100110001111
11101110001110011000101010001100
01101100100000110010111010100111
01111100111111001111110111000001
11001110100101001010011010111111
11110110100101111010001000110101
10011001111111110010111011011010
10010010100110100100011010010001
00110110010011111000011001101001
00101000111001101101111010011100
10100111110110000000101011001001
11001001000000110111001010011100
01011110000011011011111111101101
00101110110101000111110011110000
10011010000101100011111110000011
11001011010111011011011110110001
01110001000101111111100000111000
10101001000010111001011100100011
01001010011110100111110101011001
10011100110100100110100110110111
00111111100010110000011001001111
00010111111111100111100100011110
00101011110111101001101011010111
00001011000000101111001001010001
00101000110111111011001001011110
11111010001110110111011110100110
10011000100011001011001110111110
11111110011011011000001101101110
00100011110011000011111101111011
10010110101100010100011001000110
10011111110011000010001101001011
10000010111000000110111001010000
10010001010110011010100011110011
10111001101000100101110010111010
11111010111101110010110100000101
11011110001111100010100110010010
01001101001000111111001010011011
00111000001101000110011000000110
01010101001111101001101010111111
01000111000111001010010110000011
00111010101000111110010110001101
11110111101110100011001010100111
10010011001100110010100000011011
01000101111011011110010100100110
00101100001101101110000111101010
00000101111011011100100001010010
00001011101010100000100100110000
11001101011101011100010101001001
01010110101010001111111011010100
01000000110100010111011111000110
01011000101001010111111100010110
11010010110001111110100100110100
11000111111111011101001110111011
01000111010111011001110001111110
10001001010101001111100011110000
10000110010101011001000111101101
11110010010111000100011111111011
00000111000110001001101000111101
00101000111110001001001011110000
11000100000000111111100011110001
10010110111111110000100011101001
00101011000111100001001010010010
00011010010101010100101110101010
11001011001110110010000111011100
10101100101111001011100011001010
01100100000100100110010110001011
01010111111000111110001001011111
11110100110101111000100100100011
01001000001011011011111101111001
10001000011010101111000101100110
11000111101001100110000001000101
01101000011000001101101011100011
00101100111110000111110110010010
01111111111101101101101100011101
01011111111001111011101100001011
11011110000100110010010111110110
11001100010101101000101010010100
10011100100100010101010100000111
01101110000111001110000101111100
10000001111000000010111001110001
11101011011011000000111110100010
01110011111011000010100111011111
11101010111110100111111001000111
10011011000111010110011110010110
01100001101111110001100001001101
01110011100101001001000000111111
01100100110100001001100101010001
00010101011101011011111001111100
01010011000001110101101010000101
11101110101100111101101000111111
10100111001101001100110110001000
01000011111000010011100111111101
01111000101000100000001011111010
00010100110101101101011101010011
10010100100011000100011111110110
11000100110000100111001100101011
00110001001000110100000010101111
11101011011110000001111100101010
11100110010010011000110001100011
01110111100111011000010000101101
10111111011101000010110101100010
01000001011111011110101101001011
01010000110111110110011011111111
11101110011110011011101011111001
00001010011100011001001001110111
11110111011011100001101011100110
11000001011000101110110000111000
10010000110101110001111011101000
00001010101011011100111001111110
01000010010000001011001110010100
01100011011110111001000101100101
00010000000110101111000011010011
00000010011000010101001000010100
11110110110000101010101110111101
01101001010000101101110001100010
00011100010101001101011000001101
10011010010010010100100001011101
01010010010110100110000100111100
01100001010000111100010100000001
11011011000100111100001111110101
11110001011100011110011111000111
01001010011000111111011100110000
10011110101111111011011001111100
10111111111010111010000110110011
11101111010101011100101000101111
10100111010001100100111001111100
01011111001001101010110101010000
01001110110001010010101100100110
11110110000111011111000010110101
11001011100101001111101100111011
11001111010111000001110010111101
01001111010101100011100101100110
10101101101101010100110101010100
00100001001101110111000101010101
10110101111001100101001100011110
01000010101001011100010111000111
11110101101001000110101010011101
11110011000101001010001000001010
01110111111100011011111011001011
11010100000010010011111000100000
11111011000101000110101010000001
10011001110110010010100000000111
01101110100000101000011110010000
11110010110010110101110101100011
11100001100100011100011110101100
01111010011000011110110100101010
10111100110111111001110111101011
01101110000111010101110001101000
11110001010011101100011100100101
10001111100001001000111111011010
01110101001101011001001001000100
01101001100100010110001101100110
01111110110110010000100110100111
10001101010101111100000001100111
01001000111111011001010110100110
01011001100001000001111111111001
01101110101001011100010000000110
01101001011100010101110100101001
11010100101101101001001001111100
00110101001000001110110110000011
00100011001110010001101010111001
00111111000000110101111100011010
10100111101100100111100011100111
11100100000000111111001100111111
00101110010101110000010110101111
00110010110000001101101001101100
11001110110010010110101000101010
10011001111110010100010001000110
00010001100100010110110011011011
11111111000000001011011110101110
10101111111101011110111110100101
00101110110101011111111100110010
11000010001111101100111111101010
11101100100111101010001010011110
01011000001001000001111000110101
01111110010110110001111001110010
01011011000110110011110110111110
11110110101010110001010101100010
10110111110100110100101001000100
11111000010110111001101111000111
01011110101011001100111111011101
10010111100111101001110010110001
01111010100100000110000111100010
01100110011100010100100111100000
11010110101000000110001101011110
01110001101011110100100110100100
00110011011111111010001010110011
00010101110110010111100110010010
10101110110111011101010101110110
01000001001100011010111111001011
00011110101101000010011100000001
01101011100011101101111011010001
11011111110110001110000010110111
11101010101010100110110111010100
11001110100111001110111100100010
00101111000001101010101100000110
11101110011111011111110110010011
01000101101000011011011001001111
11011010011010011000010001110000
11101101001100101101001101000010
11111001000000110010000111011101
10101011100011101111111010111000
11010101101111101000010000111010
11110100010101101101101001000000
00100110011101110001011100010101
01101001100110111110001000001100
00101000010000011100010010111011
00000111000111100001111001101100
10010101111000000110010011100011
01100101010000111101010101001000
00000101101010010100011111001111
11110001010110110010101001111100
00000111001011001001101111000011
10000101111111010000111001000011
11000001111011011001000101110101
11000001110001101000001001111100
11010000001000000110101000110010
11000000100110110101111010111011
10111011010101101000010110001001
01100111001000000100111100010111
11100011110100110010110010001000
00010011101010111000111100111010
01001001001001111010110101011000
01011101100111011000110100111011
01000100011101000111001101110111
00000101001010011001000000011101
00001111011101001110000101011111
01100000010010101101011100011101
01011010101100011110001110010000
10011001111101111000101110101100
10000011010100010011100001010111
11111100001011001111111110111010
11011011110011101100100011001000
01010010011001110111101011000010
11111101011010110100100010011101
01011111011011011111010111011110
11000110111011000110101001101001
11010101000100111110000101011100
00101010111001001101100111001000
00111110000011100000000110111011
00000110001111000101000011110001
11011001011100000110011100110100
11100011111101001111011010000001
10100111011011001111011110110011
00010000101000000101100100010011
01011101110000010110100001010101
01011110000111000110100101111101
00010110010101010101011000000100
10001001010000011100111010010000
10010100110001110010100111010111
11010111111100000000010100011110
00100001110010000100101010001101
11101101010100111100111101101001
00010100111010010101011100011000
01110111110100011100001110100111
10010111010010001110100011011100
11011110111000111011010000011101
10010111110001001010010101010011
10011111010101111001001000101100
11001011000111101001001011001011
10110111010010011110111100001100
00000010100011100001111101011011
00000000010100010111111101110111
00011101000010101010000001011010
00111110010100010011001100110101
01111010010010010010001101001011
01101111011101101001011101001001
00011000111010010000011010000011
11010111000001100111110111100101
01110100110111100100001011011110
01001101011001111000100011110001
00000100000101000101000100001000
00101001101010001011011111100010
10100100111101100011001011100010
11111111100111111111110110010111
11001011010101101000111000000101
11011101100000110110101101101001
01011111000011111100101111011110
01001101000010001101100101000111
10000111001111011110001110101100
11111001110111011110111101010101
11010111101000110000001100101001
11101110100010000111110110011100
01110101100110100011001011000101
10100001111000111101110111001101
10001100010101101011111101101101
10100100111110101110011100101100
10111110101111010111010011111101
01100011001010111110100010011001
00110111001101001000110001000100
00000010001001001111110110101110
11010011100101101010101111011111
00001010011000110011011101101001
11101011111111010110110100110011
00101010001110111001001010011011
10111001110110000010000001001100
11111001101001010011000101011010
00100100010011110111101110100010
01110101100001100000101000001010
10001000100111011011001001011101
11011111100011000010111001011001
10010001001111100110000110000000
00010100100011110110001000011100
11100101100011001011111011001001
11011111111010100100000000110111
11010011000111011000101101110101
10010010111011010011101111000111
01110110000101110100000111111001
10111001111110101100100111010011
11111001000101110111110101100001
11000000010001011000011101110001
00001010101000010000101111111001
00100001001101000111010101100010
11111100110111001101111110000000
11001011010011010001111111110111
10000111001010000010101111011111
01011100011110111111011000001111
11001110001001001100111110101000
01011011001001100010110010101100
00100010011111011001100110101100
00101110110110111000001111001001
11100010011000111001101000001011
11101111001000011100100111111001
11000110100100111001100111100001
01101101100001010100100110100001
00000010101001001001110111001100
01011110010111000100010010010110
01001001111011101000010000001110
01011111111110110100010010000000
01001111101101111111111110110111
11011111111010011001011101001000
11010111110111101111110111110001
10100101111011010101000100010011
10101110111110101001011010100011
01111001101101001000110001010011
11100100000101001111110111100100
00110001010001001001110111110111
11001000011001011111100110111101
10011010111101100010001011110110
00110110101111111101011010011100
11111110000110011110100010111010
11011110000011010101100011010111
01110110100011011101101001100111
00100000100110111110101011110100
01110101011010010010110010111111
10101001100100001011110101110110
10110011011011101101101100011000
01010101001111111100101010011111
00010111001100111111001111010101
11111111101110111011000100010101
00110110111100110110100110000100
00010101101100101100111001010111
01001110110111100000001101111111
11011000110111101110011101101100
00111110111000111001101100111010
10011101000100011010010000011101
00000110100101111110101010100011
11100111011110001110111010111101
10101001111111101000011100010110
11111101110100101100001101100010
10100010001111101100101110101000
00111011111101000110111001111111
11000010100111011011110111001001
11110101001001111101010100111111
01010111001110111111011101000100
00101101101000001101011010101110
10100001110101001011101111001101
10010011001111001011011111000111
01101001110010001100101110010010
10100101100111010001001000001001
11100111000011111000010111001011
11111001010110010001100111111100
11001011101001111100100010010111
11111011100110100010110101111101
11100110011111101111100011010000
10001110000110000110100110000000
01110001101100000000011101010000
00101010100110001001001111100101
11111011101010100011010110010010
01001001111011010111000111011111
11000111001010011111010001011100
10011011110110011011010001000011
00110110011100110101101011011011
00100000010000000100011000110110
11000001011001110110110001101110
00000110110100001001111011010101
00011100111100011111011101111011
11001100000101010111011111111100
11011111101101011010101011101100
10001010001110010111011111110111
01000001110111100111101110010111
11001100110011110111001101001010
01010100000011011110010011101100
00010110111101111111110111100011
10000100000101110111001010111101
00101011101011101100110000100011
11100000101001011110101110010011
10001000100011000110010011111110
01111011101110101110001101110000
00101010111100000110100011010010
01010000100100001011011110000010
01100010011010011101100001011011
00010111101001100111100000111001
10110011011011100111110100111100
01111010100101100011000101100010
11101100101100110101110101110111
01100100101001111110011111101001
11101111001011111111101000111111
00110100001101000100001101011101
01101011111011100110001101010011
01000111111000101101101100101100
10010111000110100101111001110010
11010100001100010110010100011011
00111010101101011110000000000000
10101100110100110010110111110101
00010111001111111010010110101100
10110111001010001100101101010011
10011110110110100010110001010100
11111110110000000111011100100101
11111010001110001001111101000010
01001010100011111101000010110101
10011111001111101000111101100010
00101011001110110001011100111010
01110011111110010101001110011000
01110001111100100100111100011100
11111100010001001101001101101000
10110111011101111010111100100000
11101110001111100001011000101001
10001010010011000110001000110001
01110101000101011111101011100111
11011011101011100010011011010101
11111111011001110011011100111000
11110110111011101000011111000110
11010100111101100001110001100111
01111100100101000100011101111101
10101101110011110101110111101110
11001011111100011100101000000010
11010100000111001001010010101010
01011111101101111001101001011110
11110010001111001001010001110011
00100100001101000101100011100100
01000011001100110110100110111010
01111101110011110011101001000001
00001000011001100100110011001110
01111100011001111000101001101010
01101001101111000111111000001110
11101010011010101001011100000110
10110001010100010101101100111111
10101110011111010011100101110010
00111101101011111111000111111110
01111010010000101110000000100111
11110110010100111001011010111100
00011111111011111111101100001100
10111111010101101001101111101001
10100011100001010011010101100010
01100000001000001000111100110011
00101111001111111011101100001001
01010101000001001101100011110110
00000110101101001000010110110000
10110001110100010001101001000111
11100001111110000000011100011011
00010101100010011100001101001101
00111110110110111000100011101011
10101101001101001000100001001010
00111101101010110101110000001011
11101000000001111100010010100001
00000111011110001101001011111001
11101100000111000001001100101101
01001101111101110001000011100011
01000010000011011101111001010101
01101010111011101110110110000111
01000100011100101011100101101111
10000011010110100111010010111010
01111111011000111100011001011101
11111001101100001011100000100111
01110110101000111010110001100100
00110101000110000110011100101011
11111010000010001110101100111011
01011000100100100011111100010110
00111001100010000001110111010101
01111011100101110101010101000111
10000100001001101100001101111110
00001010001001100000011000100110
11110000011001111000101001000101
01100110100000111101001110001100
00101001011000101000011110110101
01010111000000001001011101100000
00111100001100111110110000101001
01010011001001110111111111011100
10110111001111101100100001101101
11110000000110000111001010000001
00110011111111011111001000100010
01000100000111100101011001110011
00001100001001110111111111100010
11111001111111100101011101100100
11010001111001101101000101110111
01111010010111110101101001110111
00111010011001011010011100100000
00111000111100000110001100000010
10100011111010010011111101011101
00110011011110111110110101010111
00010100101000100101001111001000
10011011001100111110000101000101
11111100100100000110011000100101
11100011110010110011101101010101
01110000101010110010110100101100
00001011000100001110110100010100
10111001111110101100010110010101
10110111100100111111000001011001
11001111010111011010111011111011
10111010011110111000111111000100
10111011001001110111111111000100
10111110101110110001010011011100
10011111111011111111001011010011
11011000010001111111000111001101
11010101011011111110110100101011
10110010001001100001100110111100
10001011110110011000111001110010
11011101110000001101111011111101
10100000100100010111100110011101
10110000010001000011001100010101
10000011100111101101010110011101
11100100001000010001011110101100
00101111100100011010010110001101
01010011110111110011101011100111
10111101101111010110101111111111
00100110101000101000001001100001
01010011010111011010010111001000
11100001001111110011110000110111
11101000110101001111001010100110
01101110010010011100000001111001
11111101100110110100110111100011
00000000001010111010101011111100
01110010011101101100111111110111
10111100110101001000010100111110
11111100101001001100101101100010
00101110000101110111001111011111
10100100001000101110110110010110
10010000110000001110011001111011
01010110111001010111000010111001
00101111110101000011001011001011
11110001010110000011001110100100
01101000100010111001011110000001
00101101010000111110001001101111
11111100001001101010100000111000
10010010110111000111101010100011
00100011010001011000101101000000
10001110010101011110100000110011
11110101000111111110111100101101
11010010001010000111110110001100
10111101010001000010111001110001
01100110111111100111110011101001
11000000111100101011100111001111
00111001011100110001011001111101
10100001111100011110001101111010
00101101001110100110011011001110
10010100100111101011111101110001
10001110111001011011111111100001
11110111011001110010011101010010
00011101011110001111000011111011
11001111000101111101011110110110
11111101111100110101001100001101
11001110011111000111010011000010
00111001011110000101110000001001
01101101011111010010011011011100
01101101000010101101101010110111
11001001011101100110011101000101
10000111100001110100111110000001
01000101001010001011000110101111
11111110110010000010001111111000
01001111100101011000110001111111
11101110011001111110010001111111
01010000101111000000111100000110
00111101000001001111100011010111
01110010011100000011011000110100
10100010100011010011011100100000
11101001011001000110100010011100
11101011011100001011111111101111
01111011111000111101111011110010
00010111010110000011101010100000
11110011010011111011010111110101
01111110100100111111110011111010
11110110110001001111011110010100
10100010010111110101000110100111
10111011110101010111000110010111
11101101101000111101110010110011
01110101110111101000101000111000
00001001010011011010011101011100
10111000001010000011000110010111
11001101011000011100110011110011
01111011101000110000100100110010
11000111011110001011101001111011
00000001111100010000110111111101
00101100001000000001000111001000
10010000010011111011111011001010
10111110110011011011001101111011
00000100010101000010100110110011
10101101111010010001000111111000
11101101010100101010100001110110
01111001111001001000001011010010
01011011001000000010010011001111
00111110010011011001011010000011
00010010110101001100101001001001
11010101011110101100101001010000
10010101010011000110001111000110
11100000001011101011110011000111
11111100101111101111000111100111
01100000001101111110110110110011
01011110110111010010000100011010
10010001101010111011000110110110
10100001000101000001111000010110
10111000110000100000000110000101
01000000111111111110000010010111
00001111110101011000111100000001
10000001100110001111100010011010
11111101111010010011000001001000
11101101000000110110010100111001
10111000000100100000100000110011
00100111110101100100011000101000
01111100101010001110110001111010
01110101011000111001101111100110
11111010011000100100111001110010
01011010000001100111000000011111
00010001111101110101110010110011
01101110100000011001000110001001
10001100100011100110010001010001
01110111110111101110001001011011
10000001010111110100100110000110
01101110010011010000110011000100
11011100000110010001011000101010
11001011110010011100001101010110
00011111000100110111101000110011
01111001001110110111101010000101
10001001001010101000100101111100
01010001111110011101101111010101
01011110101111010111110101010100
01010110100110010101011100101100
11011001010110111101011111110101
10100011110010000100001100010011
00111101000001111100000101101001
10001010111011100101010110101011
