11101111110101001101111000101111
11010111000001111100000111110011
11100111011110100110100111110101
10001100011100011111011000111111
01011110111101011111101011111011
10110010000110011110010100010011
10010110011010111010101010101110
00110110100011001110011110110001
01111101011000011101111101101011
01011111111011110011001010011010
01100001000101111100010001110110
00011100111101100111000111000001
11001111110000101000110100110000
10101110011110101001001111011100
01100111110100101001011101110000
10011110011010010101101111110011
01001010111010111001001101110101
00001011110011011111100101011000
11100110010101111011001100110100
11100110101111111001110010001010
01011101111001010110011110111100
10000101111111001101111011011011
10011000000101010010100101000110
00011101111010111111010111101000
00111101001000010110010100011110
11000110011111010000010100110111
01100110001010000001110011011100
01010111010110000000000011101101
11001100010101101101111100110101
10011001000101011111001101100111
01100010110001010100101111111000
11011101000110101110000000101110
11010010111101000011111101010001
01110111001101111101011110110111
00001111001110110111011110011010
10001101000101010111110010101111
01001001111011000100101100010101
01111101101111111110011010001011
01011101100010110111010111110111
11001000101000111101111000111111
00110110110101000010001101000000
01000101011111101001010111010100
10101000001111010110110111101000
11011011001000010110001111110000
01010101101111111110100011110111
01001001011100111000100111100111
00110111101111111001101111101100
10100110011110110110010011011001
11101101011101110111100101011101
10010110111111100111110001011101
10001101110110101110111001111111
11101011100000001000111011011011
10110111011011101001011000111001
10100010111000001000010010000010
10011000000001110011111001001010
10001010100100111100000011000110
11110101111011010110001001111100
11000001001011001010010111110101
11111110110011111101000000001011
11011010010000000000010000100000
00111000101011100010100111110110
00111110010101011010001111111000
10110010111101011110100100110111
00000110001010010001011100111011
10011011111100010010111010000010
10111011000010011100001011010111
01001100110001011010100011010101
10101101110011001111011100111001
01111111110000101010111011111000
11101111110010000011011001110110
01101001001101010110100011000011
00101001011101111100101000010000
01001010100010111010110100110011
01100101111010101011110000101111
10010000001111011010110011001111
11111010001001110001101110111000
01010001001000101111100000101011
11110111100011000010010101101101
10111010000100011000000011100101
01111011101110000010111101100110
01011100111011110100011101111010
00011100001000111110110110001001
10110010111101111000001110101010
01011001001111100000101001000011
11111001101110001101011001010100
11111001111001000101011101100101
00111110111001111111110000110110
00101110111100100110111001100100
01000101110101110110010101111111
11001111111101111011101100010000
01010000010101001101101010011101
00110100100101111111010101101101
01100100111101110110011100011111
11000000000100001101111111111110
10101101010100111111010011110011
11000111110111010011100111111111
00001000001011010111011000001101
00000111011001011011110100000101
11000101101000110110110001111010
11110111101111011000111010100111
00000100010111100001011101110010
11011010111100010000001100100111
11111010110101101011011000110100
11111111000101011101001011010001
10100111110101100100011111111010
10011010010100100101100111100111
01011000001011101001101010110100
11100000110111111010001011111000
01110001111000111111010111011111
11010010100000101011111110101011
01110011111111001101101111101110
00001111011110101100100010010101
01010110110100101011001001100011
00001000100101011011111101101011
11010110110001011101010110110101
10010110011011000101111100101010
10011111011110101011000011100000
00111001100001000110011100100011
11011010101000001011101100000011
11001110100111101111010010100001
00110111011101101111100110010100
01000101101111000110100111110111
10101011011110100001001000011110
10111011011111010101111110101100
10000011101111111111101010000110
11101000100101101000001100111101
10111001001011111000011101110100
10101000101101010100011100001000
11101001101000010110110001101010
01000011100010111001101010111001
10001111011000111000100000110101
11000010101001011100110010010001
10101111111111110111110110110101
10110000101101011010100001110011
11111011110100011011101101010111
10000100010100101010010010000100
01000110110110001110100100001011
11000101001111001111111110111110
00001011000111001101001111000111
10101100101110011100010111011011
10101110010110110111101111101010
11101011001001010010011100001101
01011000001101110101110101001111
10110010100101111010111001101111
11111111010110010100011110111001
11111010111001100010000011110010
10100111101100100111001010111000
00111111011110011111001110111101
11010111011000011101111000101111
11110101001001011010110111011110
11011000101101110111011111100100
10110001101010001100000100100010
01010100000110011011010101001000
01000001011011100101111111010011
00001101111111110000101110111011
00100101100100111010110111000110
00110110011110001101111011000110
10011111011001001011000100001001
00011011111111100011110001101111
01111010011111101011101010011101
11001110111111011010011101111111
01110111011011010011110111100110
11010000001001100110001010101011
00101101010011001010100000100101
10101010111011110110011011011110
10010100000101001011110011110101
11010111000100001101100110001010
11100101100000110001101011111111
11111010011110100001110001001110
10111101111011111010011011010011
10001001110000000010001110101011
00001001011011011010110110000010
01001110110101001011111110110001
00110011101111111100111010100111
00011110010010011011111011011111
10000100001000110101001101100110
01101100101100000011010110010011
01110111101111100110110001110010
00101100111111011110101110101101
10011111111101111111001101110110
11011101111001011010110110001011
11100011000101100011011110101001
10010000111110011100000101010100
11111111010111010101011000100100
10010010110100100110101101101011
10101100001110010100100110111010
00101101101000001000011001010110
01010011001111101011111011001001
10111010000011000111110010110111
11001111111100001011111011011101
01111110101111001000111000111000
00111110101011011110101010110000
00001001101001100101011010110101
01110111111101101111010110110001
11101001100100100101011101010100
10111001101101010110100000000111
11101001101011010110001010110010
00110001111100000001101010001000
11011110100010101001111010111111
11000100100011111110111100110111
11111100001101101110100011111011
11000111010111011001010011011111
11000011101000101110111101010111
11001011010101001000111001010010
11101000000010011101110011111111
11111110011011110101110010101001
11111100001011000011011101111010
01111010000011101001110011011000
10000011000010111101000011001111
10001100111010101101000110101010
10101100110011100111000110111001
01010000101110010001111011101011
01100010010100110101010011001111
00010010011001010100110010101111
10110011111110100111001110111000
10100001011111101100011011001101
10100011100110000001101110100000
11001001011001111011011101011001
10110110011111111110011110001111
10101111110000111100011111111010
11111101101000001111001110100110
00010101011100101101100110011001
11110001001101110010111101011011
11110000010010011011101100010101
11100111101001001110110001101011
10101110000101101101111111100101
01011011101001111000011111001110
11111101101011011111010000101101
10011100101011001100111110100000
01010011000100011111101001110000
11001001101111111010000010111111
11011000011011111110001000110011
01110010100100111100000011111101
11111111011110000010110100101100
00101010000011111100111011110000
11001001001100111101011011001101
00011100100111011111100111110110
10011110111111010101010110101100
10101010010101010100111111100011
10110011111011000110111100010000
01101110100110000111100100000010
01000111010111010110010111000100
01111000110001010011111110011111
00101111001110110110011111011100
11001000001111101000011011101000
11011110110000011111011111100100
11011110111100101010111100110110
01001001110110001101011101100110
01011010100000101001110000011101
01101000011100100111110110111110
00001111001000001110110000000011
11001101011101110010011010111110
01111100100101110011100000011011
11101110100011101111111000101110
10111011111011110110000010011010
11000111010111010001100100001111
01001110100001001110011100011111
01001011101101011001101101000110
10001010111101111100000101101100
11110001101111011000011111101000
11101111111110010100010111011101
01010001110011110011011101000110
10111111101111100100011011111100
10011001110011010110110110110111
10000101001100000111110100110010
10110011001110110110001101010110
10001110111111101110000101000111
01001100111111101111111011000000
11111110101011111011001001010001
11011100001111110000100001001110
10100100111100100110100110011101
10110100110000010111111011101111
01000111111001011011001011110101
11011010011010100110000000010010
10111100011100110110110000110010
00111111010100011000100111000000
01011111101101111000111111010100
01011110011011111111111011110000
10111010111000011110110110010100
10100010000011001001111111111000
10011110101110111111001011111100
11101100100010100101010001111101
01111110011111000101110000011000
11000011110111001100111011111110
00110111101010101100011111101111
10110101111111100011101111010010
11110001101101110101111111010111
10010101111100110110011111101011
10111010010000011011110100101110
01010110001000011000111010000110
10100001110011100110111111101101
11100111100100100101110110001000
00100000001010111001011100000010
01111111110011010100000100101001
10010110011000011000100000111101
10100010110000110010110111011111
10111111110110011010111111011111
01100101111001011010010111010100
11011100010011010110010001111010
00101000011010101111111101001110
10110111001101111000111111101110
10111110110001101010010001101101
11010011101101110000010011110111
01110100100110010110101100111111
11101110100111111010011011011000
01111010011111101001101010110110
00100000011110110011111111000100
10101000101111111101011100100001
10011011001100010101011000010111
00101100000110000011011011011011
11110111101110101100101101001110
11000111001010011111100000001100
10100101001110010001100101010010
10010110110111101101110100110010
10111011011011101111001111111101
00011011000010100010001111100001
11010100011001100110111111110011
01101000111110110011001101100000
01100010010111011010011111101101
11010111100001011010001101110110
00111100110111011110000010101000
00011010011101111101011111111100
01110101010000111000111101100000
10011110000010010100001111101110
01101100001111011010000101010100
01010110100101001001010100110100
11111000101011110011110000001000
11111011001110001011011010111101
11111010100011010111111000101010
11100101101111110101110101011101
11101100111100011000110010110111
00110110010111101101101011100010
00101011110011010101010000100000
10001001000100010011101000000111
10010001111110011001011101010111
01101011111111011111100110010011
10100111000010101110000111001100
11011101100011111000001000000011
10111001111001000001011101100010
01110111010100101100110100001101
01111101001010111110111010101011
11011110101010100001001011101000
11100011001111001111100111011011
11110111100111100111010011100111
11011011001110001001101001111100
01001011111110111001010101110010
00100110011010110111011101011111
10101011001111011110111001011101
11101101011110111100111100001000
00100111111001010110110111001000
10111111101110010010110011011010
10111100101110110010000011111100
01101111011110011010110101010011
01101101111010011011100100011100
01110101111010100100100011100001
01001111000100100100011010011110
10111011001111111100110011011001
11110101111001101101000101110100
11111110011111100111111011101010
11111100010001100001110111101011
01001101101001010000101011110011
01110001010100011111011110111101
01000111110001011001010110001100
10000100110111110011001100110011
11000111101111111110100001111011
01110110011001001111011000010011
10001011010111101011111101001011
01101010101100110101011011111110
10100110111000101010110110111110
10001101000101010100111111111011
10011010000111111110010010010000
01010010000111010010000010010111
01011110100011011110011111111100
00100001111000100010010110110001
11111111110101001101101111010001
01110011110101000000010010010110
10111010011010101110010111001000
11111111111110101000000111100010
11001010111111110100010001100001
11100100001011101010011011011110
11110011101011110111100101011111
11011101011100010111110011100001
11000101111011111111110101110100
10011001111101101011010101000010
10100110011010010110011111100011
01111010101000001101011010000011
01001111011010010001011111011110
11011010101010111101110111011010
01111101011000110101111011011011
00100100110001110111011101000101
01111001010001100000111101011110
10000111010001000111100110011010
01011010010001001110011011110111
00100000100111101010011111110010
01111011101010000100101101000100
10011010010000011110101100001111
11011001000110011111101111101100
01000001010110011100011010000010
00010101001011010011110010101101
01001011111101011111111000001110
11001000101000111001001011010101
11111011101110100100101110101101
01010011001001100000110101010011
00111100111011101110000001010100
00100101101001010111001010001111
10111110000011101110111010110101
11001011111110100010110001111110
10100110010001110001011011100111
10110111011101101001101011100111
10111111011010101000010011010110
00010010101101100111110111000111
11010111011000010001010101111111
10111000010000110011111010101101
11000011000001110010110110011110
10101000101110001110101010111001
01111011110001100100110001110111
11011100111001010110001111110001
11100100101101111101100000000110
00101010110011010100001111001000
11110101101111001011010100001000
01001010111111001011100010110011
11100010001100111000110000001001
11001010010110110110010001010100
10001010001011100010111111101110
01000001110001000100001110110111
00101001101111001011001011100101
10000101101010110001111110101100
11010010001001111100111101111011
01111000111010110110100000100000
10010110101010011001110111011101
11010101110001111101011111110111
00000000000000000000000000000000
01000101110111100111011101010111
11010011111111111000110100111111
11111110001101010101101011111001
11110000100110101111010110101010
00111010001000111011111110001000
00010011100111001010010000110011
10111011011111000101010111010001
00101011101000011010111001110101
01111101000100010101111111111011
01110101110111001011111010111111
11001010110001111110000111111011
11011101000101110000001001001111
11111110001010010111101110000100
10011010101100000110110001101110
10000001111110101111011001000010
11001111100001101100101111011111
01100010011111111111110010001111
10010100000100011000001111110100
11001100101010101101010110101011
11110001100101011000110101010111
11011100100011010110010000000100
11001110000101101101111011101111
00111110101010011001001011011101
10001110010111111010100001110100
00110101101110101110111100011000
11001011010010011101110101010011
10111101110000111001101100100010
01101110000101111110110011010001
01110001000111000101111011011101
00110001011000011000000011000101
01110110111011111010011111000101
10001101001001110111011111110011
11001010100111100010001011001101
01101000101111010000010111010111
01001001010011110000010001011111
11010010010111011001010101111100
11000111010001100110001111011001
00101110111101010010101000101011
01101010011100101011011101001100
10001011000011111000100001111110
10110101101010010011001011111011
11000110111100011100110101000101
10011100110000000111111000010101
01101111000001101100011001110001
10101011101111111100110000000110
01001100111110001000101100011101
00100100011101101001000110100100
10011111011011100100100011010101
10000111100011101111010001101111
10101111001010000001001111011111
10101101011111011001011011100101
10101101111110100111001001100010
11110111110101010001010010011011
10011101011101110100010110010010
01110111100101111101100111101011
10000100001011000000111111010000
11001101010011111011110111011110
01100010101100011101101111001001
00100000001111110011110110001111
10011110100001000011101111111100
11011100000110011111100111111011
10011011010101000001100100000000
01100110011000110110000011111111
00011111001111010011000110100000
01011010001101111100011100001010
11111011110110111111011011101111
10110011101110010010111101001111
11111110010001100110111010010101
10011100001110111110001100110100
01111010001001111111100101000101
00011011100100001111000111110001
00010110100101000001001100001110
01111010000110001011110000011001
11101010111111101111111000000110
01101101110001100001100100111110
01010001110110001110100100001110
10010000110010100101111001011111
01001010110011110011001001100010
10110000100011101101010111000100
00100011011000010110001110101111
10011111110111001000111110011100
10010000100110010011111110110100
10001101011100111001110111001010
01110100000101101110011100111100
00100010001101010010111000011110
11110011101011010111000011111010
10000111100001110001011011100001
00111101010111100110111011111100
01011110110100101110110011001100
11110010000111001000001011011101
00001111101111011100010011111001
10110110010000000011001101111110
10101111100101100101001101011110
01000001000110010111110010011111
00111101110100111111010101001011
10101110011110101110010111001000
11110010100111100110111110100110
11011000100101000101111101101111
11010111111111101011000101011101
10011101010000111110000101111001
10110101100000111111101101101001
11001001111011101111111101111100
10000101111101100011001100001010
10010110011111000001001010010100
01111101001011111111111011101111
11010111011110001100100101100111
10111100100011111111000100101011
01011110101101111110110111110110
10110111101001011110110110100010
10010010111110101010101111011010
10111011101100010101111100011010
01011011000011100000100011110111
01001000101001101100110100010111
10101001111001101101111110111100
01100010111110101000110000111100
11011000110010001011011111010101
00100000111101111011111101111100
10110111110010111101001111100110
10110101101011111011100101001101
00111010001011001000010001111110
11000101111010101011000101100001
11010010010110111001011010101110
00101001010010010001001111010111
00111111001000111101101101001000
00111101011110111111111111011011
00001101111011111111000100001111
10101000011011011101101011110011
11110110000100001100011111000100
01010010001110010101111111110000
01010111101111001110110110011111
01011101111110111010100101001111
01110010111000111010011011001110
01110101010110111001001100111110
00011001100101100110011111110011
00110111010010010010110110100100
11100010001010100011011011100010
10110110001010000010110101110110
00110101111001101011110111101001
11111011110110110010000111011111
10100110110101000110000101100111
01101111110100110110010110101000
11110010000011110000001111101111
10100000111000011111000001101101
01100110001100101100000111100111
00101010101011111110000000110110
11011100100011101110011011000111
01010110000010000010010110011100
11001011111111111111101010011101
01110010001100000001011000110110
01101001100010100010011001001010
10011000110101010000001000101111
01111010100100111001010101110110
11110011010001001111111000011001
11110110111001101110111011010110
11111011100111100001010100111110
11101011000101110000101011101110
01001110100100010101111011001001
10110011001001110001001111110101
01000110011000110011000111111010
11101001111110101000111101000100
01100011001011000110011101011100
11000011010100011110001111101011
00110101111100000010011110110100
10001101010011011001111010011010
00101000111001100101101101011101
10110111110111010101001001000111
01110111000000001010001100101011
11101100000100101011111101001110
10101011011111110111011101111011
00100001111111010010011111011101
00101101001110111111101010001111
01010111001111011011010101000100
00100110011001110010011101101111
10001101111011111001011111101111
11100100111100111111011010101000
01001101011110111101100111111011
10000110111011011001111001101010
11011000001110001001101000111101
01000011101111110111001011001001
01100101101011101111111111111111
01011110101101001010001101101101
10011100111101101100111001001011
11000011110110010011111011111001
00100101001101100111011110011001
10101111110000010011011011111010
11101110011111100010111011101110
10100110100010110101001110011110
10011101001101000110101011100011
01000101100111011110100001100110
01110111011000010111010101100001
10000100100110101000110101001100
11111010011011011011110011001111
10000101110110111010111100010011
01010010111010000111001111100100
10000110111000111101100010110100
01010101000110011110110011111111
10100011010100000100100001010110
01101011010001010001010011000111
01111111100000101001111100010111
10111010011010100101000101011000
01100101011010010101100110001100
00101000111100110011110000010011
11011010101011111100111100101101
00110011101001011101111110001101
00101100010111111011111011111110
11011001011110101000010001110110
10110100011100111111100011101000
00110010100101111000011001110010
01011000010100110100101111101001
10100100110001011001110001000110
11010011010100111011010000110111
10000000101110001001110000010011
01011001110110001010011111110111
01111010010001001011101000111101
11101111001100101010111010111010
00010111111000010101011110110011
11010000000100001101010111100101
01001111111011001001100011100111
11110100000011111110111110001101
10001010101001001111011111110011
11111101110011111110100100111010
01011101011001101111100011000000
11001111011110010111001101110000
11001111111100111111110111001011
01001111111111111110010001001111
11100101110011110101111000001100
11100010111010111011110001000010
11110101101011111110101111001101
01000000010001010010111001110010
10101011101000100101100001110100
11111011011101110011001011111110
10000111110001000011101111101111
11011111111010000011000100111011
11101111011000111110011001010000
10100100101111101100101101001000
01000100101001001001011101110110
00001011110001001111111101010011
01010101101100100000100011000110
00100101001111111011101001011101
01000011000000010110101111000101
11100001101011010111011111001110
01001111111100011011010000010011
10100000011101010111100100010001
01011001101010111100011100101001
11101100110001000010111000011110
01011111101100101110111111100001
10111001101000110110101000110111
11011011100101010000010010100111
10000110000110100111100111111101
01010100100000111001011000011001
10101101111101111001010110011100
11010111110001011000110001010111
11110000000011010100100001111111
01101111011010011010111101110111
10000100011100101111011010001011
11010001110111101110101010110001
11111101101001101111100111001101
01010001111100110100000000111000
00010111000101101111000000100111
00000110111001000110101010010011
01101101000011011110000101000101
01100100110101111111111011100010
10111010110011011000111001111100
01110000011111111100011110000010
11101001100110011111000111010100
01110011110011110111110110111111
11000011011010011111000100011110
10101011010101111110000000011100
00110011100101000110001110100110
00110111111011010111111011011101
01001101111001101001011111110000
00111101010111000111000110101011
00001011101100011000000110101001
10110111000011111001110001100110
00110111010011101000000000000001
10101010001111111000110101011101
10101111010011101110011001110100
10001001110011000000011111100111
00101010110101111110001001011010
01100000111101010001010011101000
10110011110110111100110011101110
11111011110100000111011001110110
11000110101010011001011011111111
00110011101101100111000010010011
11101100100010101011011011010111
00001100100100101001100111000000
11000000100010101000010010001001
11101010110111000000010110000101
11001000111000010110101111100110
01110010110000000010011010011001
00011101001001011111010000111100
11110100111111011010000011100100
10001110110111100011101110000110
00101001101000101101110110100010
01001100111001010011011000111111
00001100101011100000001011111100
11001011001100001101000001011111
11111101010101111110110011110010
11010100111101010100111010010001
01001011001011011010110111010001
11011101101101111010111110101110
10010101011110001001110101101010
11001000100011001011101111111100
10000100010110101010110111001011
01011101100011111111001001111011
01111101111001100001101011001101
10010011000110010110101011001100
00010010111000001001010010100100
01000101110011111100101100101111
01000100000011111011110000101010
01101111001011100001111110011101
11010101110010000110010000111011
00101110101100111010101100111111
01101000101001011001011110011111
11111000001101010011010000111111
11000010101110011011001110111111
01000100111000011010100110000111
11110011011000001101111011101010
11110001101110111010111011111101
00001100010101100011100101110111
10001101111010000011011111111100
11100010001100100000010100101000
11111111010110010000101000111101
11111110111000001101100011101100
11010000111101110100000010010010
01101111000000100100001110011000
10000101000011000100100110010011
10110110001001011001001100000101
11001010011101100101000111101100
00111001111100010001101011111010
01010001000110101000110101111011
11110011010111011011110101010011
01000011101101101000101111100011
10110110011101100110001100011011
01111010010010101000001001011100
00001110000000011100111000000000
10000111010110000101010101010101
11111000101101100111001111101011
10010110111111110101100110110111
01010011100111000111101100101010
00110011101000111011111010111001
01111100101100000100100111101000
11110001011010101000110001100011
10010100100111011000100100001001
01000111011010011100111010010110
11001001001111000100101110000011
01010000110101010101010110001110
11001001000011110111101110011010
10110101111110111100010110111101
10101100011111110000001101001011
10110101010011001001111011100001
10101110101101000001100010011100
10011110011010111100111110101101
10110011111111101111100100000110
01010001110010100100101101011011
01011100101101010111010010111100
01101010100111000100100100110011
01100011010100001111001111011001
01110101000010100111001010101011
10100111101010000101110101001101
00101110101111001001111111111011
10110010111001110100111101011000
00011111011000011100100011100110
11000110110101101101010111111000
11001000111110011001011001011110
00111011111101100100101001010011
10011001100111001001100101100110
01101111001000000100010011111110
10110100001111001000100010011110
01111011011011110101001001101101
00011111011000001001000100111101
00011111001001001010100101000110
00011111101011110001100011001100
11110001111010101001101100101000
11000011000001001111101100100011
00001100001110000010011001100000
11110101100000100001111001101101
11110111000010110011010011000101
10100101101010000000110011010110
00111111101010001001011101101011
01111110010011111010101100111111
01101101110010111000011111111001
10000101100110100111000000000100
10011011110001010100110101010111
00101111110000110001101000000011
00101111111011111011110100010111
10001101011010001111011010000010
01110101011011111111100011111101
11001000100010011111011111011100
11111110011000001110010101010100
11100001011110100101111000110010
00110001100001111110011001110001
01101010010111100111010011011111
11101111110111101111000100010011
10001001011010111110110111001010
10100001010100101110011010111110
00101110001100111010001111111001
11011011011100101011000000001111
01100100001111111001101111010011
00111010011101011001110000010111
10111111010111110100100111110011
00111001111101010000010001001010
01101110101110111101011101101110
10101011100010101101101011010101
11111001001110100000010110001010
11000101011011010100111101011110
10111010011101010111011001010101
11010011110011110111010011010111
10100011101110110110111100101000
10110011111011011000111011101110
11001101010001110011110101100000
01111111001010110111101100100110
00100000100110101111011110101011
00100010100001101001001110101000
01101100010110001001111010101000
00100011111111100101011001101100
00110011101111010111111101110110
11010110010011010001000001100000
00100000110101110101111011101101
01101100111011100111011100111001
01101001100011001111101011010100
11100000001010000010011100000000
00001001010111100101101011101011
01110110111011110011110110111010
10000011101111011000101111111000
11111110100111000111101110100010
01000100110000111111010001010101
10100010101111110010111010000000
11010010110001000011010111110111
10101001101100100011000111110010
00000111110000011111111111110110
01110111101011101100100110101111
11001001101110111010110010110111
10001001111110111111000001111010
10110100101010110111111100010111
11010000110001101100011101000111
10101110001111011111100101010100
10111101110100100101111001000000
01001000011100010101111111100010
01111111000000110110110101110111
11111101101000011001000011011001
11011011000110111111110111111010
11111100111011000111101100101000
00000001101011111011101000000101
01100100110010110101001010110011
11110100011110111010001010111110
00110101010111001001001011011001
10110110100011010110011100001000
11100000101011110000111100001011
01011110101000000101111100011101
11111000001000001110101000010011
01111010001000111011100111010101
10110101001010010101100100111101
00000110110010111111111111111101
10011001001010000000011011110001
01110110101101000101101001000011
10110010111111011011101011001110
11101101001001011101111000101011
10000100110001111010111000110000
00101010001111010011101001111010
10111011110010111001110011110100
10111101001011001101000100110110
00010010111110101011001101011111
10110011100010101011010000010001
10111110010110000011110110011100
01101101101011010011001111101111
10100000101110010010001101001010
01111100001100111111001100111000
10010111010110011001000111000101
01110100010011110011111100101110
10111111000000101001011100100011
01011010001100011111100111110001
00010111011101011111101110111001
01100100111111000010010111000010
01100010000000011101011001011001
01001001011001000111110101000100
01001011001011010110100110111001
00001101001101100101010100110101
11101011001010111010001010000011
00111000101001000101000110101010
10011001011111000101100010110001
10010011100111001110111100010010
11111101110111011111001011010101
01111010000111111101110100111111
01011101111101110100010001010010
01000010101000011011101011011100
01010000001110100110010011111100
10010110111001111101100000111111
01101011110100000111001011111001
01011111001111001011011101100111
01010001101101111100111001001110
10101101110110100001000011110101
11111001000111001100001001101111
10011110110111111001110011100100
01101011111001101010000111100011
11110011100111111001101100010111
11010100011010010001001001111010
11111001000000001001011111110011
01011100010100001110111010100111
11001101010101110011101010110100
11000101100000110101110001011010
00000000011011010110000010101101
00000011101011101001011100110011
00001000010111010110110001000110
10100010000111011101111000111000
00001101101111010011010011010101
10100011111111000111110001010011
01110111111111001111111101011011
10100011110111100100010010111100
00010011100011110001011010001001
10000111110011100110111011011010
01100001101101001000111111110100
11011111010011110111110111101110
11000111000100111111011001001100
11101111110100110111011111101111
11110110110101000111110101101010
11011010110000100101011110111101
10011101011100100001001111011110
10111000101010110110011010101100
10110110101000110101111101010110
10110110011011010010110010111110
01011101001000110000000011011011
11101110100111111111010111101101
00011000010111000100110001011111
10110101000100011111111011001110
10001010011100100100111011100111
10011011011000110101010101001100
01011000110111111111101100111111
00110001101111011010110010110011
00011110111101101011010110000100
01001011010011110000001001111100
01011001010011110011100110101011
11110001011100110110000001101001
10101100110100010000110110111110
01111001101000101110111100011100
10111100010001111010101001111110
10111011110101111100101101101000
00100110110011101110101100111011
10001111001101111101101100010000
01111110100101110011001011010111
10100000001010111100011000010111
11011001001111101110001000011001
00000001010101000010110011101110
11110001110011110110100110000000
11110011111101010110111011010100
01001111111101010111111110011111
01000010110111001110110011011000
00100110011000010000101101110011
00010100100100111100101000110101
01111110001111001010101100001000
10011111001101111001011111010110
11111010001101001001011001011100
11110101111101101110011101010011
01101011001011100101100010101001
00100011011001101110011100100111
01111101011000001010010110111001
10101101101110010110001101110101
01110111001011001000010000101111
00001100010010100000010110001011
00010111000100101011011101011110
11101111000111111110000111100100
10111100000111010010100011000001
10111011111101101111111011001011
01100011111110100110101111110110
11111111001000001100111110110110
01010010111011001100101111010011
11000100011110010100011111111010
01010111111101001100010000000001
10001001111001011100001111011101
00101101011000001010001111101111
10100001001010011011010000110000
11010000100011011010011100010101
00001110011011001101000110110111
00010001101001111011000111100110
10110011010110001111110100001001
01011110011110111001111011001001
01010101010001101110011010001011
10000011101101101101101100011101
00111110111000100011010011000001
11101110010000110000001011111001
11111010100110100001000000111010
11001100011111110001011011101101
11110110001001111111111100010100
11100110010100100100101100110110
01100100011110100101010101010011
10111110001110011111100001011010
10010110011011100000110001110010
10110100110011010000111101110011
11101110010111110111101111110001
11010110111111000100101011001101
00111110101111111110001110001000
01011011101101110110111110010111
11011101011110100101111001011000
11000101100110110001101101011101
01100110001111011101110010000111
11111111100101011110111110001011
11101110010010011110101101101010
01001110011011010101001111110011
11111010111111111100011011001101
01101100001001001000010001001100
11010000101010101111110110011100
10000011101100111101000111010110
10010000011100011100111100111100
00110001010101000010111100110101
11110001111101111111111000111100
01111010011010011011110110110010
00100111101100011000011001011011
01100011101011101101111010110110
00011110000000100101111101100111
00100000111101110000111010110011
10100100011011100101111110011100
11101100101001100001010001011011
00010101011101110111000000011101
01100111010000010010101000011110
10000110010111101111001110011111
11000111001111100000100001010111
01011111011111010010001011111001
01110110111011101010101110101110
10011000100110011111001101110001
11010110111101101010010010111010
00010110100100101110001111011011
00010010010010100000011001111001
11100010011111000110001011010010
11110110110111011011011010101111
00000010001110010011101001000101
11001001111110011011010101010101
11000011011101111011010011011001
01011110110001010100011011000010
01111011001110011001110111001111
11101101111101111100111011110110
01101001011100010111110101000110
10110101111111000111100000100010
11110110100110101100100111110100
10011101111111010011001000001000
10011110110110101100101100110100
11010110001000001111111000110010
01101011101111111111101010110110
10111000000110101011011010010100
11011100100111110110111101000100
00010000010110000011011010000111
10101000001111000011010110101111
10111001101110011010010011011000
01000000111000011000101110001100
01111100111111000100101000001110
01011101000110101100000110110101
11001111010100000000010101011011
11011110100111111010110111110100
10111101010110010000110110110001
10000101110001100101010111010101
01110000111110011011110010111101
10110010010010101010111110111110
00111110111010011000010001100101
11101101111100001010000010011100
10000011011011110001010110110011
00011000110011011100010010000111
11101110101011000001001111111001
01100001100100001110110101011111
10111010000011111011110110001111
10110011111100111011001010101101
11000011100110111011010111110011
10010100010100001010001101010100
01100010100111010011101000001110
11001011101000110111001000110001
11100111100111111101111110101010
00010110100010111101010011110101
01111010010110111100001000110010
00000011111010011111111101001011
11011110100101011111110010111111
11001001000011011001111011110111
10000110101110110000001101011100
00010111111111110000110100001100
01101101100001000100010101010101
01000111000110100011111010010100
01011111010001101011001010010010
00111110001111001011011011010011
01011111001111011100010000001101
11001011111001101001000011011010
11111110110011100111000101100010
11010101100011111111010110011010
00110110000110111010110111010001
11010111001111101001100111101000
00111010001111011011011000110001
00010100010111010001001001010100
10111100101000110000111100011110
01111010101000110111110111111100
10111011001110101011010101110001
11011101101011100010110101100101
01111011101111001111111110111111
11100100001000000100100110110010
11100100110001111111110110100101
11001110000001110011001100110000
10001010100001011010010100110110
11000110101001111111111000011001
01010001000100000000110110110010
10100001111010000101111010101110
11110000100111010110000000100001
00001001011110110100100110111001
01010001001111011001001111100110
00110100001010010010000110100011
01110101011110001111111001110011
01001111101010110000110011111111
01011000101011000000010101101101
11011111110101011010000101101010
00111011111100111101111100011011
01100100011001011011011111011101
01000101000101100111010100100101
00111010101110000110111101101001
10110111110110000011101110001100
10011111101011111111001001011010
11001100011001001000011101000110
11111110011000111011110101010001
11111100110010111001111000111010
10101011101010110111101001100111
01011110001111111010000011100000
01111110001101101011010101010111
00010111000110100010110010111001
11101001110010001110101111101101
10011100101101100100110110111111
01100000001101100101100101100011
10011001110110111010110100001011
01100000001111100101011010011101
10101000111100001100111111100110
10110100011011001100011001101010
01101010010111100111011001011011
01011101101110100011111110011101
00110101001011101001110100110110
10010111001011000010011011101101
10101001111110110111111010001100
00111111100011010000111100011010
11011101001101010011010010111011
01100001110010101111111001001000
11011010100000101001110110111101
00001000100001111001011110011011
11110111011101010110000111101110
00101000111010100101101001101110
11011101111100100011100111011100
00011101101011001100001100000100
11010110101011111100000001110101
01011100010101000100000001001100
10101010101101001111001100000101
10010101001010101100010100110100
11001101101101110110011011010111
01000100011001111111111101111111
10110011100101011100101100000101
11101000010110000111100111011100
00100001011110111010110101111111
01000110011101010110010011110010
01110111011111111111110111011001
11011011111111010011100000101101
00010011011110010111000100001010
01101101010101011101011111100010
10101101111000100110010111001111
01010011111111000100100111010000
11010000110101001111000000010101
11110101001100111110010010101000
00010101010110100010000000010110
11001111111001010100110011111011
01001101001011111111011010110101
10001101001010100011100011100101
00011110100100001110010110101111
10101010001011011101111110111110
00101000101010001101001010001101
10111010110101101111101000101001
11000110000001000110010111110110
11001100011010010101111101010101
10010111111100101101010111101111
11001010110110110010110101100100
01010001100101100010000111001110
