10000011101011110111001001110101
10001011100101000001100001000111
00000011000011000011011011000100
01000100100011011000010001101000
01010000100001110001001000111011
10100111000111100001110111111010
00111111000010011000011100010001
01001010100010000010100111011101
00100110110000100100011111101100
11101010001001011111000011000010
11110110010000001110110100010001
01110000001111010000101100011100
00101111111000101101100000110010
00111011001110011100110101001111
11100111011110010100101001100101
11111011101101101100000010000101
10110111000011111011100011001011
10110001111101010100010001100111
00011101111000001001100100001100
11010101011101100111000101010100
00101101001110010110000100001101
11001110110111110000110101001101
00010001101100000010000001000000
10011000011111101010110111000000
11101000011101010110001000000010
10001110000101100001011111011111
00100100011000110001100010011001
00011001000101011100101110100000
00111100001100010001100010011111
11110001101101001110010001111110
10111011001111011111011111100010
01011001111000000010111100001011
00000111000100001100100100101100
00110000010000000011110000001000
01000001011001000111000110001100
10101000001000110011100100000000
01110110010001001111101111111001
10000010000000011111000001010001
11111100101011110111011011000000
00010111110100111111010000011110
00001000111110000010101000111111
00110010101111100100100101101101
10011010001010100101100101000011
11001010110110101000000001000110
10111100000111000010110001011010
00100010111110101101001111001101
11001000100100100101011010010100
10011010001101100111001011111110
10011011001101011000110011011001
10110010100001000110100110100101
01101000000100011001111010011000
11101011100100010010000001011101
00101100010110011000100110000000
00110110101100000000001111111110
00000100101100111101011101011010
00000110010100101010000101001111
00101010101100100001111010111010
10111101000000110000011001000100
10000111110111110011010100011010
10111001000111001101101000110111
00111101000110011010101000101000
11100000000010111011110000011000
11101011001111101010100111001100
10010010011011001101110100001101
01001111000000010001000110010011
01010000010101100010100010100011
10000000100101010111110001110001
00110100110011100010000111100011
10110101100111000011100111101010
01001001001000011101100011010000
01010110011100010011000101111010
01101101110011000110111011011110
11001001101010010100100001111001
00000101100110110111110100000111
10100110100000101000110001011010
10111111110011110111001001110101
00011011100100101101100111111101
11000100110110011110000001100111
11100011001101111010111011001000
00111001111101101111110100000011
10111100001001100011000011100001
00011111110011110100010100010110
01011000000100010101011000000000
11000000110111101001110101010110
01010011001000100100000101000111
11111000001001000000010000001011
00111000011000011101101110000101
01001100100000100000011101010010
01111101011011110001101011101001
00000000001010000001000011001010
11011000011110100001000111111000
00000111011110001000100010000101
00110100001100000000111010011010
01111111001011011101000100000010
00100110111100101111101110110000
10100111011100101000100011010110
11001010010001110001100111110011
00001111001111011010011100101011
00011101010000100010110001010000
00110001010110000000000110011001
00101100100110011011101100010000
10000001100111000101100011001100
11110111000100011111000100111001
11100001111111110000100101000011
10101100010011110100100000011001
00010001101010010010100110001111
01010011010100001110110000101001
00000011011110011111000111000001
10110111001111000110000100001101
00110000001110100000111011111011
10000100110100001001100000011100
00101000110001010000010101010000
00000001110010000001000100111001
10100110110011010010111011000000
10101111101101100001011001010001
10000010010111011010010101001000
00101001100111100100010100100001
11001110011011101010001101011101
11101111110010110101011111110001
11010101100001110110111101110000
10101111111110111010100000000010
11010110010011100011010011000110
10111001010000110111010101001011
00000111100011011110001011011001
01101101111110010001101010110000
01100011100000101001001111101001
01010100000010010101000010011101
10010010111001011011100011001111
11101101101111110101001111111100
11100001011010010011010111111010
10100001000100101000100101101011
10101110100111001010101010000001
00111110001010001001011110011011
10100010101100001001010010001001
10000000011101010000111000000111
10100011110111101011000010011000
00101001010100001100000010100001
00001100100100100010111000101111
10000000111101001101010100101100
00011101010001011111100010011000
00001001110011110011000101011101
01110001011110010001110011101000
11010010101011001101110011101011
00100100011011011101010111010001
01010100010010100000100010010001
00010000111110101000111110001101
11001011100101100100000000001010
11000110110010010000001110011100
01100000000010100110001111010111
10000011111000001001100101000001
10010111010110110100000000100110
00111110100111000110001010100110
01100011011101001011010001110001
00100000010110010001000000000101
10000110110100101000101100001001
01000111101001111000000111111000
00101101011111011101100011100001
11111010000011101100110101010100
01110110010010101010101100001011
00000000000111001101001000100111
11001000100111000001001001011001
11101001011000111100100000001111
11000011000001001100011011010001
10000000100101101000000111001011
00100011110111000011001100000010
00101000000100000000001110101000
00110101101001011011010000101100
01100001001101010011100000110100
11111100100000110000111101011010
01111100001111011110110101111000
11101100000111010000010000001011
10111110000000001000001011000011
01000000111001010111100000010101
10001101011110011011011000110001
01011010100000001100100101001010
10010101110011110101111100111110
01000011001110011011000001100110
00100001001011010100001111000100
00001010110100001001001010100110
11110110101101000110101000100101
11110000010111100001100111011011
01001100010111010010110100011111
11011110110000001011100110010100
11001001110010100100001100001000
01001101011011111110100010101100
00111101001101110000010100000001
10110011110010011011100000111111
01010100000001100111110100010110
11100100010110110111101110101001
10000000010111101101110111100101
00100110000011111010010101010100
00010000111101000011011111100011
11010000001010001110001100101101
01010000010010001011010000110101
11000000010000000101011000000001
10101110001111101000011000000101
01101000111101100001011100111000
11111110001101110100010000100101
00101011100101010010101110111010
11000100100001111001111111010101
00011101001001001000011110000000
11100000100110010001001101111011
10100001100100011110101010100100
01001001000110010110111001100111
00110001111011111010000001111111
10001000001100101011101101111011
10010010001010101100000001101101
10101111100000010011100110111000
11010111110001010001000000100110
01011100111001001001000010000010
10100001010110011111110100011101
01100111101101101000010010011011
11110010111110001010100011110010
10001101001100110010011110110001
10000101100010001001001011110100
00011101001011000100000101101111
01010101001111101110001001110100
11001010010111000110110110010001
01111101101110111100110000000001
00001111000001001001001011011100
01101100011011100000001010101011
10010011101100110000111001001001
00001110000111100110111101001010
01111101111011001001001001011100
10111011100100001001011111010011
00011001100010001100100111101011
10011011101011100010101100111010
01011101001010111011000011000001
10011011010010000110001101111010
01010010100110100100000001010100
11001111100001101001011111011111
01000101110111010010100000100001
00111011010100100010101000101101
00000010111111000110000110010001
01001100100000111101000100101111
10010011111000001110001101101011
11110010000100010110001010111101
11000101011000000100001001011010
10100101111000011011100010101010
01101001110001001100111011100011
00011100100101001101011001101000
11000001000000000010100001111100
01011111010000010001010010010110
10001011101001001110010011110001
00011010001100101010000101001100
00110110101111100110101011010010
00110100111101011101000000000101
01110000101101110000100011110101
00111010110011111011111111010110
11100011000011010100101011000100
01110001000001101100101010001000
00000001101011100001001010000000
00110001110001010110010000011100
00010001000111100110111001110110
00000010011010010111011001001100
01111001100010010011010001000111
01001000101100010110000011110101
11101100100010011100110000111100
00111110000010001000010011100001
10100101110001000111101110000000
00100000010111000111110001100010
01100101110100101111101100111001
00100111000111100011011000100001
00111101000011001101011101100011
01010111010010100011110001000101
11010100111001110110001110011010
11011100000001110010000001110011
00100011000011100011000001000100
11010000110010100100010010000001
00000111011010101001010001111000
10000110010011011111010100000011
10001100001100101000111010000000
10111001101000111100100110011100
00101010001011111011101101001010
00001101010001111010100010100011
01100010111100000100101011000010
11000010111111101011011001010010
11101010001110010001111110001101
00100001010110101001001000011111
11001001010111010111100000111110
01110100001100100011000010101000
00001011110001111000010111010101
00110001101011010000110000001010
00011010001001001010110110000010
11000001001101010111100110011100
01000001101110111000010101101101
00110110111010011100111010101100
11000010100011100111011110010110
01000101111100010111100110100110
11111010001010100000000001111001
01101111000100000110111100001001
10100101011001011111001110100011
11010001011100010111101000100110
01011100001011110100111010000101
00111101001100100010001111000011
00100000111001011111100001101010
11100110111000010001100010000001
00000101110000000100101010100110
01001000100101000111001000011000
00110001010101010010001100000011
11011011100101010011000011101101
00001100010011010111000010101010
11001111000000001001010100011110
01000100001110011110000111110111
00101011010111100001100111000001
01001101101010011011100101101100
01000000110001100100010001011111
11001010000111000001000011110010
01100001111100100110000000100001
00100111010100011100100101100111
10101000011000001101110100110100
01001001101111100100010010110100
00100011000010000001001100100100
00110001110110010000110111001000
11111000010100000101101110011001
11001110100010101010001000011001
10000100010110001111110000110001
11110001000010011111100011001000
01101100010110110111100110110010
11010111100011110010000001111100
01110011011010010000101000010111
10010010000110010010000011011100
00000001101011001001001010111110
00010000000000110101110111110110
01111000110010001110000000100010
10011011001110000101001001000000
00011111010101001101001001111010
11111000111011100110101100000111
00011001010100000010101011010011
10010110111010001111100100101000
00111000000000001010101111010001
01110000100100100011011101100001
11011001001110110100101111011111
11110100000111010010000000100010
00111100101111010110100111001010
10010111110000000110010001001001
11011110100001011010001001010000
00010000101000110000100011001110
00111100100001100100110011101110
00111100101001010000101011100000
00011001101001101110001010111011
00110000001100111010001111001001
11101010000000011000000001100000
00011001101101101101000111111000
10100010111101001000111011000100
00111100110010110101000000110111
11000010000100000011101111000110
00101011000100011100110111011010
10100001111110010100101011110101
11101100100011101110011110100110
01110111000010011000000001101100
00010100011011111110111101101110
10011001110011101111100010000001
01101000111110101011111101001111
10011100101101010011001111000011
01011100010000101000011100111101
11100010010011111011000110011110
00101010010100111111010011000001
10000000101001111101000011111110
11100011101100001001001000111111
11000101101110100011100010110001
00010000101010001010101011101110
11010100110101000101010111010001
11010010111100010000001010101111
00100010010110111010110010010111
00000001111000110101010000101111
00100110101100111011000101000101
11100101110001010001001110011010
01011101110010010110010011011011
00000001011011011111011001010010
01011001110100000110010110011000
10100010001010010010001100100000
00100001100101101111011011011001
00101011110101101010001100001000
00010101000111000111011000000011
00100010110111100000001100100100
01001000000111000110000001011010
01111111000100100001000011000010
10110111010110001111100111010001
10100110001100010110101010100010
10011111100000100110010000011110
11001101010000100110000100011100
11000001100001001101110111000001
00100101000110001100100110000000
01011001010101101000001101001000
11010000001100000111110100000111
01011111000001011011000111000110
10000011000001001111101001011011
10111101001000001000011111010011
01000000000010110100000000100101
01000011000001011110010100010111
11101011010110100101101011100010
00110100101000100111001100000010
10011110100110000011100001011110
10001100000100010011000010000101
01111100001100011011000000110110
10001010110010000101110110000101
11010110011000110011000000100111
11100011000010010110010010110000
01011011101110111011000100000110
00001100011101011101111001110010
00000100010110000111011001110000
01111011101010100110101000101110
01101100101111011001010100100001
00000110011110001101110110000110
11001000111111101000100010010000
01111001000100001101010111001011
11111001100010010101001101101010
00111011001110010111111000001101
00100000110110110001000011101000
00101100000011101110000100010000
01010001111101110110110110011001
00001101010000111110011001001101
00011111000101001010001000110001
00010011100011001000111011000100
11010100000101000000010011110011
11000000000011010010100110010000
01011111100100100000000100010001
00000110111000001001100010101000
10100111011100001101101010000010
00010000100000010101000000010011
11000111010000100001000000101001
10101010111000100101100001001010
10101010101110010110101101101001
01100000011001100100110101001011
10111100000001000111111101101110
10100010100010110010010110110111
11000100001100001000000110000001
00111001110111100010010100000011
10011111111101011001001011010101
00110111100110110111001001000000
00000000000000000000000000000000
00110101011001001111000001110000
01010110101000000000111010100010
01010100100000110010100100110011
01111100011100100000100010000000
01010101111011111100001010000111
01011100001001000111010000001000
01001110101000001011000111100001
10000010001000100100111101100011
10111111110011111100001111010100
01101111001100000100101100110011
11101011010110001000100010011011
11100000111101000001110110001100
01011001000100111001100010000111
01111010000110011001110001001010
11000110010010110001111100110101
00010000001100101111001110000001
11111111110010010000000000010001
10011010101101100100111100011100
00000001001010000111101100100000
00001101000000010100100001011010
10011001000100100011111101110000
11101001110101011011011110011010
00110000001001001100001001001001
00101001101011000000000110101010
11100010001000100001101000101011
00101100010100110110010000111100
10101111010100010000100001100100
00000110100010100011110000001100
01001111001111001001000010000000
00101000111010101111001100100000
00000010000001111110010011100011
10000010101110111100000101101100
10000010011000011001001101010101
11110110111011000000011000010111
10001110010010111111100101110011
00000110010001000010000011101001
00010101011010000010001101101000
11001010011011001111011001000110
10101001111001110110101111011000
11001010110001000100000000100001
11101001110111101001000101001100
00000110100111011011010101100001
10100011011000111101101110010011
10111001000010101010000000110011
11001001000101101010001001101111
11110101111111001101010100111010
01100011101100010100101010001001
10110010000100001011110110100111
01000100000011101010000000110101
10001000111001011010010010000100
10110101001010111000001010110111
11011101110000000100111100111001
10000000111110011100100111011111
10010001001011101001001010110000
01000001001010001001110000110000
01001011001010110000110010011110
10110100001111111110111010101111
01100001100100100011111011010100
11110000111010001000100101010100
10001111101011101100110001000100
00101001101001110100111110010111
11100000011000001100010100100101
00000101101010010010001001111010
11010101010000100000000100010101
10111000000100010011100101111000
00100000011101101001010000101110
11111011111110001000100011111011
10110100101000100001110110000101
00000000101001110111001101010011
10111010000000111000010011001110
01100010010000000000010000110000
00011110100011100000010110100000
01010010111010000001101100111110
01101011110010100110000100100001
10101110011011010001000000011100
10000110000001101101100011100101
11011100111010000011111001100100
11101000100010100001010000011010
10011111100101100101101100110000
10110001110100001101101111111001
00000100110001011011000001101110
01110000010110111100011010111011
10111011001100110011110100011011
01110101000100101110000011000011
00000010110111100110100101100010
01011000001101000010110000000100
10001001101101110000010011011110
00011011000010010100010011111010
11011100111010000101100011100000
00010110110100010010010010111100
00110110000001111010110111110000
11110110001101000011110011100101
10110101111101100011001100101010
01000100010101101011110110011100
00000000011011001111111000010010
00010110101011100011011100011001
10011000101110000110111111010100
10111110001000111010011000101000
00111100110100110010100011100101
00000001111010100100001110011000
01001010101001000011011110111100
11110111110111101010111010000110
00010101110111000001101101101011
01000100000100100001001100011100
01011011100010000100001110100011
00011001100001010011001010001111
10000011011001100101010111001001
01100010001001011100110011110110
01101000110000001111101100100011
10001111111000000001100010100100
00010111110101010001000100100110
01001011000111110110000100100101
01111100110001001111010000001010
11010100010100110100110000011000
00001100000001111011101100100000
01000011110101101000010000101110
11010001110100110100101100010100
00101110001001010010001100001011
00000001010110110111001000011110
01010110000100101010100110010000
01001101101001100101011100110000
00001101010011101100000011010010
10011101000001101001001010000000
01010001100010101111101011101111
01000000101001010110111000100011
11000001111111001011011101001010
00000010001001001001011101011101
01010000110000110001010001011001
11100100100101111110011000000101
01100001011011010101001001111011
00111000101101101010001011000001
00001110100010010011111100011001
00111011111100110001010011001000
00111000000000110000000011110110
00010001011011111010100101010011
00110000110000100101011010000010
11000111110100011011111011101000
00000010100000100100001001100110
10110100101101001100001110101100
01010100001111011011000010110000
00010100010110111011000001010001
11010001000100000011001110000101
00001011011010101001111110010001
00001010010100000100000111110100
11010000101001001110101000010100
01110001110010010110011011001000
01100111110100111111000000001010
11000010111111000100010110010000
10000101010000011100011110000100
10100010011000010110011010000101
10110110011110011000111100011010
01001110101010000001100010100110
00010100011100011101010011000000
10101111101001100111110111100110
00100011000001101110001111101100
01101110101001010000101000011000
01100000000100010010100101101101
10100010110010010000001100001111
01001001000100001000000010011100
01000101010101000011000010111011
01010010101110110101101010000000
10111000111010101000010001100101
00000100111111100110010110001001
00110011000000110110000000100011
10000010110001110011111100110001
10001100111100010101011101100100
00101101100110010100001011100011
10111000010010110000110011111001
11011111011000101000000111111010
11001110110001001110000011100011
11100101100110010100011011000101
00101101011000010000010110100100
10111111000101111101011101000000
00001100101100111100100010110000
10001100010101101001101110010000
11010010111000010000110011101000
11000000000000111011100000000100
00100010010100101110110111100011
00011010000001110100010110010001
10000101010100100101100001001100
11101000110000101000000110100101
00100001100000101100111000010000
00011001000010001000000110000101
11000000110110011100100101011110
00100000011110010110110111001101
00000010110000110101111101001000
00010101101100101101010010010110
10101011110010000000101001001000
10000000011011010101001000011101
10100011100110010000110010001110
11010110100000000000001011010100
01011110000110001011000001101110
01100011010000000110100101011010
11000110010100001100010010100101
10011111111010000100111111010000
10001010001000001010010100000011
10000010110001100110100111000111
01101101011100010100001000010100
00010000000000010011000011010000
01100101010110101000011010001101
10000101000100101101010001111001
01011000001111100110100001111110
00010101111001100011110100101111
10000100010110100000100000000001
01101011010000011011110001010100
01010101000011010111010101100011
10111110111100111111011011001101
01011110010000001000010111000111
00001011000111010110110100000100
01010011010101001100010001011101
01011010010010100000001011000101
00101111011110011100000111100101
01011001100001001111000000000110
01111101101101110011000011100100
00001011010001101000000100100011
11110010101000000011010000000100
01100010011100101100000011000001
11000101110011111010001110100101
00011000011101101000000010110010
11011001011101010110010110101011
01010001110100101110111110101000
00001111000100000010110101011000
01111111111101010100001010100011
10010001000111010101110110111000
01001101100111101101110101110111
00111100011010000100010100101010
00111111001000101100011000010000
01000010101000111010111100000000
11100011101100110101011000110000
00100101101000000001001111111111
00000010000100011111010010000001
01100001111110111110001100010011
10011010100001011000111100110000
01110011111000100100010111101011
10110110110101101110101001100010
00011011100111101111011100101111
11100110000111100011001011110111
00000010111110110100011100110001
10000010010011000101001100011111
01110101111001011100110001101111
10010010110101101001010010011111
10011100000101111101010001101111
11110101000010001011001110000011
00100000011001111011101000010011
11100011001000101011110110111000
00000001010000111001011101110100
01100000000101100001011110101101
10000001010101101111101111010000
10101010010000100110001000011000
01101001100110001111000101111111
10010010000011010001111011100110
00010000111001100110111101001100
00000010000000001100001000001000
10010000110000101000001001110111
00111111111110011000010000011001
01101000001100110000000010000110
10000111001010011001001010100010
10011100100101010001111101100110
01110011100101011000011000100100
10100010101000101110011111010001
01000100111110000101100011110100
00010010100111111110000010001101
10001010100001101000010100001100
00000100101000111001010111100101
01010110111011110010111101011001
11011100010001010110101111000000
10101011001000010000011110001100
01000111001010001001001101101000
01001100011101110000011000101111
00010000110000110110011001001100
01000000000000100011000101100001
11010110100001010100100010010110
00100010001110110011101101000000
01110101100101111011011011000100
00001010000010110100110111110101
11111111100011111111110001110010
00110010111111111110101101100001
10000000111110000110011011111111
10010100111001011010111111000101
11110000110000101000000101010110
11000000010100010110010100101110
00011011001010101001010010000000
00000111001001000110000000100000
11101010110111000011001001110100
11010011111010011011000101010000
00001101110011000101001101010011
10100001010111110100101010001000
01011000111010110111010011011101
00010111111011010110010011110110
10000010011111011011001001001011
01110000000001111100101110010010
01101110011011110000111111100100
00010010110100110100010011110010
10110101000011110101000101010101
01110110110100000100011000100000
00011111001010101001000110011011
10000100000111111100100101011111
01011110100010101111001111011101
11001110100101100000010011011110
01100111101110001101101000001000
00001110000100101000001100000001
00111000010010010011001001010110
11000110001010100110110000000010
11101101111010011011000001101010
11000000001100001111011100101100
01101010010011100000100000011100
10000001110101010110011100101101
00001000101100110101110110111010
01111010100001101010010000001001
00101011010000001110111010100010
00000011100100000010010001000111
10101010101101011101100010011001
01010011000000111100111010100101
10101111101100001110110110010101
01001011110111111101100001001110
10010011000101001000000010101011
10000010100000100010000011001110
10010000100000110100011011111000
10111010000010000100001100100110
01011011001101000010011111111010
01100110100101000110001111010100
11001101011100100001110000101011
00100010100010011110001110001001
00111011100010100001101011101100
00111101011010000110101010001011
11010101011011000100101100011001
11100110111001110101010111001101
10101010001010100010000010100110
00110010001010100010001011100111
10111101001111101000010011010001
00100100000110011100110001100101
01101011011001001101111000101011
10110101101101001100110000000000
00101010000000001011101010010111
10101111101011001110010111010101
10011100110100001100111011111101
00000101101111000000010010000111
01111111110111100101001001000010
01111100100111111001010010110000
00001111101000110100111010100010
01001111001000011110010001101001
11011011011001011000110110011100
11100110000011110000010101101000
10000110011010000111000111101011
01100001010100101100100110001100
10010100100001011111000101001010
01000101101000100110000000010101
00110001111111100110000100110001
11100010001001110010100100101001
11000111001001000001101110111001
11010101010010101010001100011010
00101001101101010010000100110000
00100110100000100101100101110011
00000101111010001111001100011101
11001001110001111100100110100000
00110101001100001110011010001100
10100101000011010001000010101101
00100100110111010000101100100110
00101000110101011100110000010011
00000001100011010011001000000100
00101010000000100000010010011101
00101110000011110000001001111101
01001000010101001101100010110111
00101010001001001001000111101100
10100011111000100000001010101100
00001000110001000011001111000111
00101101111010010001000011111011
00110111010101011000000000001011
10001110111101100110010011010100
11101010101100010101001000000011
01000101110011110110010111110110
00001000001010011101000110100011
10000000000001100010001011000110
10000000001010010011100111100101
10000111010110100000010101011000
11110001100000010101000001000100
10101000111001011111010111010000
10011100001100001001000101000010
00001010010111001101011110001100
01001101101110101111100101001111
00001001001100011111110000111011
11100001101101100110100011001001
00010011010001011000111100001101
11001011001101010111010110111000
01110011100000001111000001011011
11001000110110101000100011100110
01110000011011111001101011101010
00001100110010010111111111000000
10101010000111010000010010000010
00000110100010000001001111100011
00111100000010001011010011000000
00111011101111010011001100000101
11100000001001100011001001111000
00001110100001110000110010001100
01011110101000000100110010101001
01011001100110000001000100101101
01010111011000110100101001100101
01011011001010011110101010000100
10000111010111111110101101010100
00110000010111000101100011100101
10010011110111010010110110000100
10010000101010010000101011000101
10011001001100101011111011110111
11110100100111000001100011001000
10011100100010100000110100000100
00011111101001000010110110000001
00010010100010110101111110111110
01101110110010010000000010001100
11101111010110101000100010111001
00001110111100000010110100000010
10100000101100001110110100101011
00110110100010101110010110110010
00011100000110101000101000001110
11001010001000101111001101000101
01101001000011110101110011011010
10110100010000001011010000000110
01100010110010010011110000101110
00011110001110100111100010110110
11111000101101000001111010000000
01101010000000001010000000100010
10110100111100100000100000000110
00001011001000001000001000101010
10011000110001001001011100001111
00001100011110011010100110111101
11101000000010000000100110100001
11110011001011010100011110011011
11000000010100000100011100011110
10001101101111110000110101000101
11101101110100001010100111000001
10011000001001100100000100000110
00010111000100011011000001000000
10011011100000100001111001010100
00010011110100010000111000101011
01100010101101110100011010110000
10100000000001100001110010100000
11000111110001110000010001010101
00001101100000101100101101100101
01011111100110001101111010101111
01011001001100101011111000101001
00010111110001111001100101110100
01010110111001101001110110000000
10110011111110000010110111110001
10011010001000010101011010101011
10010101000110111101110011001001
11100010000001101011000010101010
00001010110011101011101000111110
01000101111010000111010111001010
00000100100101101000011111010101
01010100110000001100101001010001
01000110110111110010011100100110
11110100110100100010000000000010
01111000110100000001000010101100
01101100100011000000110001001010
01011010101101111010011011101100
10110100101010100011000011010000
10010010101101100011110011010111
11110010011111010000100001100000
01101000000010000111110110000111
11000000110111011001010011101011
00000011001011100010100010101110
10100001011001011010011101101011
01000100010001001101010000101000
01110110000110011000011011100010
00100101110101110010110011001101
01110001001001001000001001011001
00100000101010111111001011101100
10101110100010011010011101110111
11010001100001110110010110110110
00000000000100011100000111110100
11011101000010010010110001000101
11100001100100110100101000011101
11100001000000001101010110110011
11100011010111111001111010011001
01001011001101011011001100000101
01100111001001100101010010011101
00101010010111100111111100101101
11101000010101011100011010110010
01111010100111100001010001001001
10000110110110001010101100010000
00101011100000101100101000011001
01000100110101010011011001010000
00100001101101101101101001011110
01101010001001111000100000001011
00100100000110101101111000011001
00000100110110011010000110001100
00101011110001011111100011011110
10011001100000100011110111000000
11110101100110111110001110101000
01101101110110011101111111011011
00000111010000111111010010000001
10000111100110001100001100010011
01010110101101000010111100110111
00000111101111011111011111010000
10111000001100001111110011111110
11111110000111000010001001010011
00110010111101010110110011110010
11101010011100001101000011010111
10100110000101000100010000010011
11010100101001110110100011001100
01110011011110010111111100001100
00001110111111001100000001001011
00100001011010001101100100001111
11011111111010011111101001101011
11000110010011001001010011110001
00111000111001011110101011011101
00101111011011001010000010111100
00100000100100110101000111110000
00010101001110011000111000011101
01111000101001010100010011000100
10100001011101100101001010101010
11000010010011010000000000110011
00101000011101111100100110001101
01000110111110010001110001100101
10000101001101111011011110001001
10101101000010101100111011000101
11010010110111011011001010000001
01110011010000110010110110011101
00001001101101111111110100011111
01011100000110011100011010001101
01010011101000011011011010011100
00001100011000010011110000100101
11111000001010110111110010000101
11110111000000000101101010000111
10111101010100001101011100110000
01000000011001000000000000100010
10000001010010100010001101001010
01001101010010010111100110100010
01100001101011101010001100111110
01110011000110000010001001000111
11111001000000101011010100001101
11001011011000011100111011110100
11111010011010110100011010101101
01001111011100011000111000101011
10100111100100001110100110001111
10000000010100011100000011010001
00010110001110000000101000001011
00101111110000010000010011010110
11011101010010000100101100001001
00010001110100001101111010001111
10111010101001001001100111000010
01001010110110001011110110100001
11111000010101000100000001100001
10001100000010000011000000010010
11100001100101110111110001000111
01010100001010100000100101111000
00110111000110010110000101000100
01001101001010101101001011000010
10110100010001101111011110101110
11011000011000011010110011010011
01010001000100011010011100001001
00001111100000110110000001000000
10100101100000100110010011000101
00000101100111111010001111101010
00000011011000110010100001010011
01110111100101000110110011011100
11110001110010000000111110010001
00001011000100110110000111101000
01001001000011000101101110010101
01000000101100010101100001111011
01100100011011110010111101011010
10101111011000111010001000010011
11010000010011000111111011011000
11001001111111101010110000100101
10111101011100110010100011000001
10000001111111010101001011001110
10110000110000001000111100100011
01100100110001010100100111101101
00010100010110011010011111000111
10101100110011110000010100001000
00001000010101010101000011100101
11111010001010010100000001000011
00100110010110110111011010101011
00000011000010000100110001101110
01001000000101110100011100010001
11010100111010100001010101111000
10000011110111111111011011000000
11010010000101100001010010100010
01001001011110110001001101000011
10011011110010110001100100100010
00000010010001000111100000111111
00101001111001101011111001010011
11001011000000000001010001111001
11001111110000001100111100000110
01101001011010101010010110111101
11000111110010010010100000111001
00001100011100110100110101001010
11101000100001111010110100010110
00111000000011111001101100111110
00110011001111110001011001010101
10111110000000010000110001011001
00011110100011110011010011000110
01001011001000110001001100100100
01111011011101111011101000010101
00101101000000111001100000100010
11101110111011111001000010100011
00100010111110001000001010000111
01101111100101001010101100010001
11001011101001110011011010001000
00111011111110100000101000010000
11011110010001101111000011101101
01001010110101010011010011011111
01101111110100100100100001100101
10110001100011001100011101110110
00001111100110000111111110010111
00000001000000000000100011101000
01111001000110111000001110100100
00100010000000110111111011010001
10010010001101101110001111101110
10101001100111011000000010101111
10000111101011110000000110010001
10010110101001011001000011000111
00110010010000001000010001010001
10011101110010001001110100010011
11000001010100001100000011100010
00000010011000111000000001001111
01101001101010100110101010111101
00101100110011100010011000010000
00100000100000100000001100010010
01101010000100110011000000111001
00100100110001011110001000001100
11100110001100011000110000011000
00000110010000010001010000010100
11110111110111101111011010000011
10100001110000000100001100001101
00011010101111001110010001000101
11111100000001110010010110101000
11110001010000100101011111000111
00011011110111111000001000110111
10010001110000011000001011110001
01110001110100110011100010010100
10101100010010101101110010010001
11111010000111000011110111010100
10010001000101101101010011001000
00110100000110010101100001110100
00101000011000001110000000010110
10000110001100101101011101000101
01001111001111101010011111011110
10101010110010101001110011100010
00111111100001011101010101110001
10101010100100001111110010100001
10110001000100001000100110010101
00010000011011001011101000001101
00100110101101001101101101000000
01011010100110111111001010001000
01000101010000111000111111000011
00101100000100110101100100101100
01011000110000000101100101000101
10101000010111000111000000001001
01101000010101010000101011100011
10001001000011100000000011001100
11010101100100011100100100100001
11110101001111001100000100001101
11111100010000100010110100011000
01011010110100000000001010000010
01011010001010101001111000001100
10111110000111000000001111101011
01010101010000000010110110110010
11100010001001100010111011101000
01111111011010111001011010010110
11011111111001000000100000001010
01010111010001010010000100100101
00110011111010101000101110000100
00001000000011110010110111011001
01111100010000000010100000111001
10001010110011111111010001001110
11000001010011011100010001111010
11110010011110110010001010101001
10011100001000111111111101000000
00110011101011101000100010001111
10001101000111101110110011110000
11111011000110111100101101110100
10000101101110011001000001101010
10000101001101011111100001000000
10101011100100000110111010111001
11000001001111011000101011100001
10101100000010100111000110000111
01000110111010101001101011000111
11100001100001100101111010000100
01000000010010001011110110101101
11100000111001111110011010100011
01110110001100010100001000010001
01111001001010011111100101010011
00000011010100000101100010100111
11101010001011001101000110100010
00110011010011110001101100010000
11101101000000101100100011100000
10100000010101111110011000010110
10110100111001100101011011101000
11101101110110001001000111000000
11000001101101110101000100010100
01011010010111001101100000100110
11111000110010010000101010001111
00000100111001100101111101100001
10001111111100110111011010010100
10010000101010100111110100111001
01000011111111001101011011011111
00011111101001111011101000000101
00110101011001111011111000101011
10101011010100000011010001000010
01000011101011011100011100100011
01100110111110111010010100000100
00011101010100101000011011000100
11100010011101010001110000010000
00000011111001000101111111010110
10100100001000001010110101000100
11101010011010010011010111111010
11001000001001101000001000110000
11001101001000100001000100100000
10100010101011001000001111011000
10000101001101010011010111010101
00011110000000010000000110111111
00001100111010110001001001101010
00010011011001011100001000110001
01001100110100000110111011111110
11111101111110110000011100100100
01010001010100111000111001000111
11000001000001001110010010110110
10010111001010000110000110000101
00111100010111111111100100010000
01001001110001010000000111001000
01111110010111010010011110100110
00001001010100100011000010010110
00001000111000101010110101001001
00010100001000000111111110001010
10000001110110101011011001011101
10110000000000010000110001011100
11000101111100011000111100000001
10111101101111111101100101010011
00100000000000010110000111010001
10110101000000000001000111110111
01100000111000001010110101010001
10100010011101001100011110101111
11000011111010010000000010011100
10000110011010010111011011001000
11000000011100100110111001100000
01101111001100000010011000110000
01000000010010000111000100010100
11011100110001001010110011101001
01110010100010010110100101111010
00011000000011000000001110100101
10101001101011000111001011110010
11010100110001001001011110100100
01110001100100110111001001111101
01000011111010100010110100011100
00100000101000010101001001011001
11000101110011001000011111101011
01010000101111100000001100010001
00101000101101000100110110000001
01111000000011001101011100000100
10011001111111010100010101010010
00100011011101111001000001010111
01010101010000010111100111111000
11000010011010101101001000111010
10010100000100110000010111011000
10000100101100000101000100110000
01010000000100111000011011111110
11001000110010101001111100101011
11101111000101010001010101000100
10001010001001001010010001001101
11101100000010111010000101000101
00010000001110000101101000111100
01000110100111101100011000111101
11011000111100011010010001111100
10001000100101001001100010000001
00110101101111100000011011001010
10001011000011111001001101110111
01110001101100101010010101011110
00110001001110010001000000110100
