00010000010010100111011101011110
00101011001100010101011111111010
10011001010010100101011001111100
11011101000011100001100111000101
11101110001110101110101110010101
11101001111111101101010111100110
00001100001011100101001001010000
01110111010100000000100101000110
10011100011100011001100100101001
11000001111001101001111001010111
10110101001000011011001001110001
10010010011010111110010111011110
10101111101101011100101001010010
10111011111001110010010001011000
10011010010010010101101111010100
10010110100001011011001001110100
10111000010110101010011011011001
10010110110110000000100001011000
00010011101000110011000001000001
11001011100101100010101001100000
00001001100110111000010111010010
11011110101000001000010101111000
11111001001110001011101010111010
01001111101101100100111111010010
01101100000111000010010111000000
01110101100010100111010101010100
01101001000001111000101011111011
00111101010000010010001100000000
11101100101001111100100010010011
10110100000110110110111100000110
11010111001111111000100011100011
11110011000011010000000111100100
11101110100101010111111010110111
01011000001000101000001111111000
01101001000011110010100100100000
01010001011110111000111101000110
11110000011100111100011111010110
00111101101011111001101100110110
01001111101010111110110110110100
01111001010110101001000110000100
10001001001110000100001011101011
10001110010001001011011101000100
10101010001101010000101110101101
00100000100010000011110000011101
10100011001110111101011101011101
10011110111100100111110101110001
10001000011101000010101011011001
11011000001100000001100001010010
00000010001101100100111100110011
11011111110000000110100111011010
11010001101100010100010101000001
10101001110100011000010110000010
01001010100111001000010111001110
00110001111110110000000100010001
01011010010010011100100100101100
01010000100111000011000010100101
00100000011110000000100001110100
01110011100011101110000100111010
10000101000101010111001101001000
01110000001010011111000000110010
01000001111000111011101111101010
01001111011111101101100000100111
10001100001110101110001110111100
01010011110011001001101100100110
00001000000101100100101001101010
00011111010001001111100101001011
11100100000011100100011001110001
00101110110110000000111101011101
00011101110101110110100101000110
10101000010101101001011011000001
11010100000001010010000111001010
10010110011101110000010111101100
00000101001100101111000110000101
10001000010110011100001010010011
01001111011010000000000111110110
01100110100010000111010111110001
10100001001001010011000011100101
11100011101100010001010000110111
00001101111101001010101001011000
10101000110110001000101010001000
01111010100001010110101110011101
10000011100111100110010011100110
10111001001100101100101011111110
10111000111000100110011001101001
00010110001010011111100111100001
01110001010010000001011010111010
01000001001000100011010110010011
11011001001100010010001100101000
11110001010010000011101010110011
11100000011011011010000000110100
01000000110110010010011110111010
01101010101100110001110100011000
01110101001100000001111110000000
10110001111011010011110001100110
10010101010110110010101010000000
00011000111010001100111101011111
01000101000110100000110000010110
10011111010011000001101011111111
00010101011100001011110001111110
00011010100010010010010000101010
10101110001110011000010101001100
10110010101111100101101011110011
00001000000111100000111011010100
01001000111110100000101110111001
10000000110011110011011010010100
11101110101000101101100011000010
00111100101101001110001010100110
01101000100001001111110110110000
01101011000111111110110011110101
11100011011110111100000011111011
10111101110110000000000110011110
00100000100001010111001111000010
00011100010001001111100010101001
10101101111101010111010100011011
01010011011110001011001101010101
10010110011100000101110000100101
11110100100100011101111000001100
10001000110001100000101000111011
11111011101011001001101001000111
00111110111101010000101001000011
00001010110011000001110010000000
00010011000000000000110111101100
00010100011011000010000001000011
10011010100101111111101001111111
01001011101011111010100101101011
11010010000101001010011110011100
11100001110011111000001001110100
11110001011100001010011011001110
11100101001001011000011010110001
01000101111100100001101110010101
01000111100011110000110110100101
00010010101001101000100110101000
10110110110011101101101001001110
11010111000000011000111001010100
10011111110011010100000000100000
00111111110010110101100010000000
00010000100011001110001000100110
01011101011101001111101001011100
10001100100010101011101001001010
10011000111000000010101111111100
10111100101010000110110110111011
01110100101110010000101010100011
01011001010010000101100000000110
10101101100011110100101111010101
10110010001101111000100111001011
00000011110010001100111001110110
10100001000011001000010011101101
00100111111000001101110000011000
01000110111110001010000110010110
10001001011100111111111010101010
01011111011110011110110000011110
01001001011111111101110100011010
11010000111010110000110111010101
10000011100111111011010001101000
11001100010111110011011100000101
11110111010111000011111101001111
01100110010001010110001101010000
01110101011000111001101001001100
00111111011111101110110110010011
10011110110011100110010111011011
01101100110010000001101011010110
11110111100010101110011000101001
00100001001101011111010011001111
00010010011101011001100000001000
00111100101100111011001100010001
00000110011110100111010010111001
11000110010000101101010010000111
00110110110111110101100010110111
10010101010001110010001011111111
01100100000010101110111000010100
10101101111100100010111111010000
01011011101010100101100000110001
00010100010111011110001100000100
10111101000101100101011011000111
10000111000111001001001101111111
01000111100001110110101110110111
01111001011000111011111001011110
01001111100111111110001100111011
11000001000001101000001101010111
11001000000011011110110111000010
10111111110001110001101011000110
00011110111000111100111011100000
10000010101111100111111001011111
10111110101100111010110100010110
11001100010010001111100011111001
10010000100001010001010100110100
00011000000001010000101111110010
10001000111111110000010101111111
10100010110010111011101011000000
11010011010000100000011111001101
00011111100100000111010110001101
10011101101101010011110111101010
01101011110011001111111001011001
01010101111010100001010011000011
10100101110011000011111011100010
11001111000100111110110001111111
00000111100111101111111010110011
10010110010010111001111111010011
01100100011101111010111100100000
00011100000000100100101111010111
00000011000000110001010010101011
01011110010111000101000110111000
11101000100111011010011100101101
11101000111001111001101011111100
01001000111011111111110111101001
00001111010001110001000011101010
01100111001011010111011000101001
01100000010010111110000000111111
00110011100000010001000010011111
10101000100000001000111000111010
00010010111111110111010000010001
01111000111101111111111100010100
10111001100001110000101001110011
00000010110101111010100100001110
11110011000001000111100010001110
01110010001111011110001111100001
00000100110010010000101111110000
10001100000001001000010110111000
11000001101011110100000011110111
11110101000110111001010000101000
11100110100111110111111011010111
01110001010001000010000111111101
00101110001100110001001010001110
01100001110001101101111011101000
10001010111110101110100100100110
01100000100001010001110100111000
01000001010100101010101000010000
11110010101101000111011010110100
11001100111111100111100111010001
11110111110110001000001000010110
11000001000100110100001110111000
00001000101111100001111001111111
00110101101000001101100110101000
00100100100101001000101110011000
00111110011000010011110001010101
00001001000101010000000100111001
00011011110111001011100011110010
10001111100011111001011001110110
01101001110010001001101010011100
10111001111101110011101010110100
11001111010110011101010110110010
00101111101101010110010001000000
10011011100001111011011001000110
10000111011010110100010000111000
11101000110000111100110110111011
01100100000111110111010001010100
10011101011101101010001001011111
00001100001010011100100011101000
00001101001100111111111000100101
01101011101100111000011010110100
11011110111110001110001010101010
00100000010111011100000010010110
00111110010011101011110011101110
01111000100010000000001010101000
10110010110010000001110000010010
00000001110001110010010110110101
00000001101100010001110111001100
10010001011000000000110010111111
01001011001001001111101100111001
01011010111110111010111100010000
00001001011101101100100001010000
11001111000001011000111000111001
11001001011101011100001010000100
11010001100111011000010010100101
11100100011110010000000101100000
00101101001101111111010001011000
11110011000111010100010010100100
00011110101101101100011010010010
00000111011100010111000101001111
10001110101011111001001010100001
00110001000000011110111010011011
10101010111011011111110011010000
10000001001000101011101111000000
11001001001000100100100001011100
01000101101110010010100101111100
00100011010100001010100001110111
11011100001001101011110111001111
10100100011000111001010100110101
00000000110111000111110000001010
11111101001111000110011011101010
11100101111000000111101110100000
00111000110000110000111000000011
11011111010011100010101110110001
10110101100100111110011110000111
11001010100100100010110011110111
01001011001100011100101101111110
11111111100011011111111000111100
00001101111000100111100111011011
11010010000100000011100110010100
11001000011001001111100010110000
01011001111111001011100011011101
11001011100110010000011111100110
10001011001101100011001100001110
11010011101100011000111110101101
00001010100000001001001111001111
11100111100110100111100101001010
10001010101111010011100000100110
01011101101100010100110011000001
00110011101100001100011011111010
01101101111111001110110110101101
10011111011110001000111011000000
10000011100101111001111100001100
11111110100010101111010100010010
11011110001011100100001000001110
10011101001100110000000111111000
01011010010111010000010010110000
11100010001110011001001101001111
10000010000000001000010000011001
00011000000100001110010111010100
10110000100001001000111101010101
11110000011100010000011011000010
11111010000111111011001110100100
10110100100000001001011001011001
01101000010010010101000010111011
00000110110000010011101111011101
01011010000001111100000110101010
00000011111000000001011100101001
11000001000010100011100011000101
10010011000100011011111111001011
00011011010001010000110110100001
11000001001100100100110000110000
10010011001111000001101101100110
10101000110000001001101101100100
01100110001001010010011101110011
00101000000111111110001001010111
01100111010100110101011001110001
01011100010010010000011000101000
10000101010110100011010010100101
00100010010001101101001001010010
01101000011110000010101010001110
11010011000100000001011000000101
11000101010101101010000010101111
00111001010000110111011001100100
11100011110110010000111110001110
01000000111010110011001110011010
10100001100111000100101111010011
00101101001001010100101000011101
00100100100010100010010011011010
00011101000011000101010101101111
10110110101100001001000100110000
11101011011110110101010101110111
00111101011111111101100011110011
11100000101100110000110000110010
11010101011000110110010000010100
10100101001100001011000100100110
00111101101100001101101000000101
00100101110011010100001100110001
00000000010110011011100111110010
10101111001000000011101111111001
01011110001100000000111000011101
11010100001100110101100000110110
01111001000000110111100111001110
11000110101011011011000001100000
11111011010101101100110110011100
10101101110100101011001000011111
00101000001001011101000110010001
01000100101100011001100010111110
01100011110100100010101101100011
11010110110011011100101111110111
11100100100100001010001010011100
00111011110001100101011101010110
10010010011100000101011011110101
10010101010010010111110010000110
01110001001010110100111100000001
10010101101111100100011110100001
01001011111100011000110101000101
10000100110000111010000001000010
01001101001111110001101011101000
00010100101010101000100101110101
01000001100010001100010010001111
10111001110110110011010101011110
00111111100010010001110001001111
10111110011010000001101001010010
11011001010101101011111011100110
00110010000110110110000100110001
10010110000000000011011001100011
11010100000101110101110001001000
01110110010011111101010100010111
01001010111001011101011110001101
10101110100010000110000101011110
11111011011010001101000100001000
01000000111001101101110010011110
10010010111111001100011000111100
11110101110100110110111110011111
01010101110101110101001010111100
01111011011100011100010110001011
01101000000010110010001100000101
10111110010011111000101111001010
10111010010001010010001110100011
00010111100101101100101001010110
00110000101101011111011010001100
10001101111010110000100111011110
01010110001100111001110000010111
01101101000101010100000001100000
00110001100001110111111111111101
00101010001010001111101111111000
00010111010110110000111110011011
00011000101011100000110000110011
00000011000001111100101111100011
00111110011010010001000011100111
00101010100111010111100111000000
10001101001011111000001100010110
11100111001001010010110101000001
00111001101000001110110101100101
00011111110101001111011100101000
00100100011110010010100101011111
11101110101011010111001010101111
11111000101101011100111111100100
01001001000111100001001011100100
00111010100100100011100000010011
00110100001111011010010000111000
01111101001001111100101110101101
00111001011010011100110001100010
01001100011111000111111101100001
10010010001010010000001001101001
10001111111110101100111000011101
11101001001001111101000110000001
11010011100010011001110110010010
11001101110101111111110010000010
00100100100110010010011110010001
10001101010111110110110000100101
11101000000001000101010111111101
11100000100100110101111001100110
10100101001000011110011111010101
10000000111011001100100111100010
01111111001100011101111010101110
01010111000101111000101000000100
00001011001010011000110110110111
01100110111111011001010100101010
00010101101110000101101000011101
01110111010100010011111110110010
00000000000000000000000000000000
00011111010100111100011000111001
00011000010110010000100000001111
00001011111110001101101011000000
01110111000101010100100001110010
10000101010001010011011001111001
10110100111100110110010111111000
11001111111110101001010110001000
01100011010010111100011010011100
01111010010111101101101010000010
00001010010111101100111111100001
01111100000011111011001001101100
10000101000110010000010100100000
10001000111111101010111010000110
01110111011101010100001110101001
01011011110011111001111000101110
11111010110010111100011110000111
11100010100110010010000001010101
10111011010101000101010100101101
01000100010010001011001111101001
01001010100100111101100001011100
11101000010100001010111011010101
11010110010000010001011111011100
11110011011110100101101100110110
01111110001010000111101001111001
11101110011011101001110010100001
01111011001110010000011101000000
11110111100111011010010101001100
00101001010101110001011110001001
10001101000000001010011001000000
10001110011010100101011000111100
01110100100001110000110001011100
11100101010110011001011011101011
01110101010011000101001000100010
01110011001101000000110111000001
01110000001001101000111111111101
01010011101100000011000001000100
11010111110111101101101011100011
01000011001001000100001110000001
11001000110100100110001011110010
11001111101100000011101100001100
10001101111100000100110101111100
10000011010111010011100101111010
10011100110100011100011100010111
10100101110100100001110100000000
01111000000110110101000001111101
01100110001010110001100101110010
11000010110100011111100110001100
10101100011001101011011110101011
10101010110001000101100111111000
00011100011011101100011001111011
10011000100111111000001011100000
10010101010010000001011010110011
10000101110111101001110100001111
01010110100111000110101101001101
10110100100101110001011000101001
10000110100101001111100111011010
10010011100001111000101010011000
11111110000011110100010111000011
11000011001000101110011110100011
11111111101011110001101110011000
01101110011101110000100010010100
11000110111110100001111000000001
01011101000100011100001010010100
00111000111101111110110011111101
11000010000000100111111100011101
01110010110100010010101000110111
10011101011010100011110000101111
01111011000100100000110110001111
10010110100011111010101111001000
10010011001011100000111000100010
11001010011110110011001111001101
11011011100111111000000010001100
11110101111111010110000010110111
00110011000000010111011000111000
01001010010101100101111011110100
10001100111001101011001011011111
11111010010011101111111001010000
00001100000011111100111000110110
00010010110111110001010101110011
01110001110100010010011101000000
00001011000100000110001101010110
01000111001111111111101100100000
11110100010101011101011100110001
11110110101100010111111110110001
01001110100000000110110011011000
01100010001011010110100001101010
01101010000011010010010100101101
10101001100101000101110000001110
00110011111010101011111010101110
01010100111110111111011010110100
01011111100110100111111100110000
11101101001101111101100000100011
00100101001110011001111100111011
00010011111010100111010100000101
00011111110010001000000101100010
01001101000011110001100010111111
00110010111001011100101100110111
00111111111100101100111110010011
01010111110111011101110010011101
00010010101001110011000111010010
00100010000110000001101110000110
00101001101110101111011110111000
00100110000101000110000110111110
00011101001101010001101010101011
11000011011001110000001010010011
11000010100001100100000101010001
01011100111110010011001011101110
00001010110101101000010101000110
00101101001011010000011110011011
00100010111010011010000001100011
00110110111110110101100011010001
10000101100100011101000100101001
10011001111010000011111111001111
00100000100010110010110010100111
11010111010110000110110011000101
10011101001000101010011000011110
11001101001010100111111011101000
01101000101011010100111110101100
00000110111010110001111100010111
10111111101101011011001000001110
10010010010000101101110111101011
01010101110110011110111011110011
11111111101101000110101001000110
01010111011000111010111010101000
11001001011011110101001000011110
00011101000101001111000010100110
00110001010101001101011010101010
10011010001011011010000110000011
01010000011100001000000011100010
00110100000010001110101101010001
10111001110101010100010111101111
00100100001011110110101110010111
01101100100101100000100001000100
10011101001100011100100101010111
01000100101100010111100000001111
00011000011001110011010010000011
01010000110000111110101100110011
00110101100100110100100010000111
11011000011011110100101110110101
00010110000100000001010100010110
00110001001110100001000001010010
10100000111111111101101011010011
01000111010010111101100010110010
00110000101001110001101010000001
00010111101110100010010010111110
00111110110111111011100010110110
00010011100011110001110000001000
11110100111101101101000100001101
00011111011001001001011101011100
10100111011100000111100110111111
01000101000111101011010010101010
00110011111000100110111100001100
11011011110011010100110100110011
00010101011110100111000111101111
00110110011101010010010100110010
11111111000110000001011101100110
01110011011010111000010010000101
00110111101001110111100101000111
10001011110101010000000010111110
00001010000101110110001000010110
11111110001011110111100110000101
10001011000011101101111010010100
11110001111010100111100110000110
11100100100100001011010111110000
10001000110011000100100010100010
10010111000000100111000001111111
00101011101101011000101010001001
11010000001101000110110001000000
01100001101110000110111100111010
01101010011000100111001011101011
01011001110000111000110011101000
01101101110010101101111001101101
01110001010001101011010100101000
00111001010001110101101101101011
01110001110101101001110000100001
11000011010001100010011010101101
00100101011111111000001100000101
01000111011001010101101000101111
00010011001101110110101101000010
11110000000000110011011001101000
00010000110011110001010110100100
11001110010001100111101101110010
01000001010100011110001100111000
00011011001010101101101100111000
10110001101010011101011000001000
10011100001100110100011001110100
00100100101000000111100000001100
10011111101001001010010110111100
01100010100100100100100011011001
00001111010010100001001110100100
11110111011010000110010000010010
00111001101001010011001001101011
10101110111111011001000100010001
01111000111010011110101100101100
01110111001010001000011010010011
10111100111010000100101110101001
00010101001101010111001100011111
01010000011011100100110100010101
00100001101011011000000000001111
00111110111000010111010111110110
00100111000110010110110111111100
10001010111100010100000111010001
01100011111011011000100101001010
01111101001010011011100110010111
01011010000110110011111010001110
10110011111000111111000001000110
00000010110100111000110000010101
00010001100010100010010111011111
10110101010110010010010100000000
10000001110110100111001001111101
00011110010010010110000101000001
01001100110010111000101111011101
10000001100000011010001110100100
10001101011010001100111000011101
00011110100011011100000010101010
11100101101110010001011100110100
11100111001010001001010101100110
00011011001000111111111110101101
11111100110101101000100010101100
11100111110010101110110101011001
10101101101000000101100100010000
00110010100100011100011000001100
11001001100011000100011110110011
01100111101111010100101111010111
11111010010111010011000011000111
01010100010101000101101111000111
01101010100001000001110111110010
01111000110110110100101101001111
00011111110010011001111110001101
00110110000100100111001011011100
01000101010010110111110001100000
10001011000010000001000100001010
11011010010101000110001100100111
00001100011010111100001000110000
01110110101000110001111000111001
00011001101010101010110101100101
00100100011111111111001101101110
01111010010101101100111001111000
00001001000000001001011000111111
00001110010000111010001101000111
11110011001011100101010010010011
11111000010100101001010110010110
01001001100101110110110101110110
00001001001110110111100110111110
10101010010101001110111011111100
10101011100111111100000101001000
10111000110111111011100000011110
10100000111000011111110110111001
00000101111101100101111110111110
01000001011011010110010110101011
11001011010011001111101101110000
10100011111011110010111100000101
01001011011100001010001001110110
11011111001110111010101000100101
11101111100111111010001001000100
10010011001000100000001110001010
11001111111011101010100001110000
01010000110011110111001100001001
00100111001111101011010111001111
10100001101011000001011010010110
10101111011000101110001011010110
10111011101001001101100001010001
10101010101100100100111000110010
01001001111000110100101100110001
00011111010110001000100110000100
00110101111001110100000101001111
11011010000001101100111100101001
00100001111010100110110110011010
01010001011110100010011000011010
00110001111110010010001110001110
01100110011110110100101000000000
10101110010010000111010000100110
00110110111100111111000000001110
00010100100111000110001011010101
10110110101000101111000001101001
11000011110111011011011101100001
11011110011010111001001111001110
01110100001110110100000011101100
00001000111011100110111111011001
10100000100000111110011111010011
00000100001100010011000001101110
01001010111111111000010010101111
10110010110111001000000001101010
00110100111101101010010101010010
01100110110100010100010001100100
01000101000011100010000110000001
01110111000011101010101110000010
01010010111001000100001110111101
00000010001100001111111010010110
10100001001001101100010000111011
11001111101111010111011101101100
01000001110111010001010000010010
01100000011101111010101001011101
00000001010111010011111101101111
00001101011001011111001110111001
11100011000000111000110110101011
11000101110101110111111111010110
11111000001100010011110111100111
11100111001111111111101111011010
00100110001111100100111001111111
01011110011001110011111001100110
10101110011100000000010101011110
10101010110100010011101111110100
11000100110000010101111000010000
10010011001110110111010001100110
10100000010011001000010011101011
00101000000010110100011100101001
01001000100101001001100100100100
01100010110010010011011100001010
01011110010010001010010110011011
00010111100111011101110111110011
10101001010111011111011111100111
11011100001000001000100011010111
01010000111110110011011100100011
11100110000001110010110011111010
10001101001100001001000111000100
00011110001010110010001110000001
01000111000011110010111111000010
00101100101100111100001111111001
11100110000000110111100011010100
00011010001011011001111100011011
11110011111010010010111011011111
10100100001100111000010100000011
11000000111101010110111100001000
00010110101101010000001000001010
11110001010000011100011010010000
01100110010000110011101010010001
10001000010000100001110010001101
10000001100110011111101100000100
00100110000101011110110011001000
01101001011010101010100010011100
10010100000111111010010110010110
10010011101100111011011111100001
10100111001110110111011100000110
11111011010010011110010000000110
10001010101010010100011000111110
00111101000100010101010010010101
01101001010000011000001110111001
01011110111010111111101100100100
11011011000100100000101110010001
11010101000100001001011111111011
00101111010001000011011110011001
01001110100101011000000100111110
11110001010001110001111111001100
11111111010100111011110011101000
10101111110011111001000100101000
01011011111110011101110001110111
11010100110101001000010000111101
11111011100001010000100100001110
00000111010101101100011011001100
10011011100111100111000011100011
01001101011101101101100111000100
01100011011001001100111100101011
11101010001110010011110011010101
00101011110001001100111100100001
01000101010101010101000000011000
10101011101010010111010011100100
11100111001110110011001001010101
10110110000100111000011000101001
00111110000001110000101011100000
01101000101100110110011110100011
10110110110111110111100011011000
01001011110111101001011000111000
10001111011011001001001110111010
01011100011001101110100100101001
10111101011011001010101001001010
10000111000011101110110110110000
10011000010011000101100111011001
11001110100011000001001111001101
01101101110100111100001100111010
11001101001001111101010111100000
10101110000011100101000110011100
00010001110101000010000000000111
00010011010010111101110100011111
01111011100111010100111010011111
10110111000001110000011010001111
01000101000001110001001100010111
00011001001001111100001110101000
01100001101000011101010001110111
10111111011101010011011001111011
10010000010100111010110000111100
00000011011111101000010101001000
10100100000001100101101011011011
00110100011101100001101110010011
01110101110011110101100010111111
11001101010011011011110111100111
10001100101001101100101110001001
11111110111001111010001001100100
11101111011010011000100111000100
10111101010010010111110000100010
00010010100111100110111010101101
01100101000100000101000000011110
11010100001000010100000110100111
00001001000000100101110000010000
01100111110110010101010110111010
11110011101111011110111011111001
00110000110011111000001011110011
00110111000011010011101011000000
00001111000001110101010100101011
10001000000110011101010100000010
11010010111010001000010000001010
00110011110101110100111000011110
00011010110011011101011001000011
00110111110101100100111111001101
01010011110010011000110101001111
10000011000010010010111110010100
10110110001010101000100001011011
11011101011100011001001011001110
00111100010101101101101001011001
00101011001000100010100000100110
00000001110000010010101100001001
11100111000101001101010000101101
01000011100100011010011111000010
01011100111010001100101100111001
10011000110110000101110001101110
00011101011001001010111001101110
11101010101100111110111011110111
00011000010110010101100010101001
11010100111000101100100010010110
10101110001100000000101011111111
10000111001000011101111011111001
01011110101001011100110100100101
11101110110100000101011011110111
00011111010010101100010011111000
00110010000011000110001000110110
10011000011111000111110101100101
11101011111110001111011100000100
01110011011110111010101001011010
01000001000110100011001101101100
01010001101001000101010110101101
11000010001100010000111001110000
11100011111101101001111010111101
00111110011000101010001111011001
01101000101001100011001000100000
11010111010111110101101011111101
10010001111001111100101111101010
01000011101010110101101100000111
10110101001110110100011011010111
10000010110001000100010100010011
01110011000000101111101111011001
00100010110011111101000000110011
10001110100100101101011111010011
00111111001100101101001110010011
10101111110111110000010111101001
11000101001100101110100100100001
10111011001010100011010001010101
10100100101011111000000100000011
00010100011100001101001000101000
01011110001000011110110111000010
00101110001010111110110100101011
00001010011101100111011111000011
01110000010000000011001001001010
11000100011010111000110000111110
10110100011000000000100100011010
00010010001010000101110001000010
10011000001011010100001110101100
11100101011110111110101110011100
00111000001010110110100100000110
00010010001100111000001101101000
10110101110010011110100100101001
10111011111111101001111100000100
10101111100110011001111001100101
01010111110110010100111010001011
01001100101011001011011101101111
01100001010111001010100001101111
10100111101001110001000010111011
00001101000011010011111100000010
00110010101000000011111110010100
10001001011110100101101000111000
00010110000011010111000011011011
11001001110101101110100011011101
11010110100001100010000100010000
11101111011011000001001111011101
10001001011011111110000011010011
11011010001010101110110010011111
00110010010000100111010110001100
11111001010111000010101101101010
01010100101010101110011011100011
00011000101100010000100000010000
11010010011000100001011000011011
11111011010000011010100011111111
00110111100010101001101111111101
10111101000011000111100100111010
01101011001010101101001010010100
00011110111000101100100000101000
01110011100110100010100000011000
10100100110100000101010011110001
11000000011110110100011000111111
00101111110111001111001110011000
10001010100011101011001110000011
00011100010000011101010010010001
11011010010100101011001011101110
10111001000000000011001110111100
01001010100000110100000001100000
00000100101010101001101011111111
11001001000000110100101010001000
00011110110010101011011110110000
00010000110111100101010110011101
00111100011111101110101000111010
00111111000000011100100110101100
11001101000111011011110111001100
11101100000000001000011011101100
00001010111011111100111100110101
01110011011101000000101000001111
00110000000100011001011111000111
00110111101000000011010011100101
01111100001011000101110111111100
11101011100010000111001000000001
01000011000101011101001001011000
10001100110010010111010011110001
00010010001010001110110101111111
10010111000100100110101001100001
01011111011001001111101111111001
00101110011101111110010010011001
10110110000010100001001000101111
10011000010000010110000011011000
10100010100001001011011100100011
10100000000111010110110110010001
11110101110101001100111001001101
11001110111011111111001000010110
01100110011101001110110111011001
01111101000100101101011010111001
11000110101000100001100101010111
00101111110010000111000110110110
01111110111101110010000010000001
01110100110100111100100000010100
10111111011010100100001001110101
10101000111000100001101110011111
01100010110100101110001101011100
01110101001110000000011101010110
11010111011001110011110101111011
01111000100011110011111010000101
01111111101011001100111011000100
10011001101111111011110011011100
00010001011100101011111100011100
00001000001111101000101110111000
11111010001111001001010011101011
00101101101010111011001000000011
10110111001001110011111110100111
11100100001100000000001101010011
11011110101001101111010111100000
11100100110111101011100111111001
00101110011010101101001110010011
01101110001010110011000110010001
11110100001111001110010110101010
00010110011000010101000110110011
01100011110011011101011010010001
01011001011010011011111100011000
01101011000000011111010101100001
10101001011100110100100100111110
01011100000001000010110010110011
00001001100000110101011000110101
11111011111001010101110000011101
10000110000110101110111001110101
01110100001100110110101101110001
10101111000000000111101101101111
10000101001001000101010111111000
00001111000101101001100010001111
01100101011000010010001110000101
01110101000011100010010001000010
11100111010011100100100110100111
11111110010001100100110111000111
10001111111110110100010011011011
00101010010111001110001100111010
00010001001001100101001110010100
11101011110101100101000011110010
11000111010100001001000011001110
01000100011100100111111010101100
00000111111011110111000000011011
11001011000110010111101011011010
11101001100010001100011111010110
11100101101111000000110001010111
00101101111100011100000001101110
11000100101101010000101110001010
10001100001010001000001100111010
01011110110011100010001010011000
00000100101111000010110010101100
10111111001000001111000010011011
00111010110111100010011101011111
11010101111000111110110011010101
00111110101110010100100110100011
01001101100111110010010001110010
11001101100110010000011100100110
11111110100001110101000000111111
10010101010001010011110010001101
10101110110000010100001100100000
11000001110110010001100111000110
10011011110100100011111111110111
10001011000001000100000000100101
00100100101000011011100001100000
10001000010011110110101100110010
10110000000100101011001000110110
01101100111010011100011011100111
10111111101011000111100111000001
00010011001011011010100110110011
00011000100110111100000110010011
00110010111111011010000010110110
11010111011111101001111011001011
11010000000100111000001111011000
01010001010110111010011111110011
01111110001000110101100111111110
11100111001111001100000001101101
11101101110101011111001111111001
11100100100010111100100001101100
01110000010100011111100111010010
00110111011011011101101010001010
11001100111001100000001100110111
01011011100110110001101100111011
11000101001001000100011010010001
00010011110111011111111110001111
10100111001011011011011001011101
01000000010100000110100000101011
11011001101011001000110100110101
10001111001010111110100001100100
00010100101101101001011011011111
10000110011110001001000000101101
10001000010000000111011010011100
11001010000110111111100000110100
10100011110101000111001110011100
11101111111010000011111010101000
11100111010011101010011101001010
01010100000010110111000011111110
11000111101001010000100010011100
00110000110101100101100101001110
01010010001011100100001100010001
01000110000100000001101000110000
10000110101010000000101010011101
11110100110101110010111100111110
01100011001011110011011111000101
01000000100100110010110100010110
01100111011101111000011100001100
00111001101000100000011111111110
10111110001001110000111100111111
11100110010110010000101100010011
11100110010010100100001111011010
11101111111101010100110000111001
11011110110101111110011001001000
01010010100011100000010110101110
11000000000001000011100101111100
01000111100110100000010001111010
11010101100100100000001110011110
11111011100111110010101110101111
11100011010000110111011000101000
00001110101101000110000010111100
00111000111110011110110000101111
01000011111100000001111010101110
10000010111001101001110011001100
01101010101001010111101010011111
00010101111011011100111011001001
01101000010010001011010110001001
00000010101001010011101011010011
00010101101000111000100011111011
00001110010010111111001000110110
01011101100010000011011101000101
10111000001000011011011110010001
01010010110001000101110010011110
10101001101111111010000101101001
10111001000101000110010111100110
01011110110010100100111010000010
01110010011110011000001111101010
00100110100000101111010111001000
11010011001100010011010010001011
00000101100001000100000000011010
10010100100110000011001101110111
11000100101011001110010001101100
01000111100001000000101100111100
01101110100010000100100100011010
00101011001001011101001000011111
10010010101001101011101100110111
11000111010001011110101001010110
11001101100111101101101111000110
01000000001010100111000000101111
11000000010011101000100010011001
11101100001011110010100000101111
10101000100111100010010010001010
10011100110000100011101101100110
00000110010110110111100111110101
10001010110000001001010101100000
00010011000101100110011100111111
00110000010111001101100001100111
01100110011011101100000111000000
01010100011100111001100101101001
01011110011001011001100111000011
01010000100101111000011010111100
01010010011011001111100110111101
10001100101000110100111010100110
00111110000100011001101000110111
11000111000011000010111000111111
10101101011110110011001010100011
10111110000000010101111111001010
00101111110010011111001000001100
11110100011000000000110011110001
11010110111101001010010110001001
01110010000111000010110101101010
01111010011101001010001111100101
11010010010000110111011110101011
10010100100001000000100000011110
11010010100001011100000110011101
01000000100010001101111110001100
10010011011101110100101000000111
11011000101011010001011000011101
01000010101010011001010110110101
11011101001101000010100011001111
10101010111001000110100001000101
11111110001101111000111101000110
11010000100010001001010001011101
11001101100010000000100001101100
10000101001000000000111101101111
11101100101101111000111111101011
01010011011011110110110111101000
00000010110101011110111101010001
00011000101100010011111010100010
00000100000000011000110001011000
00001000100010011001111010100011
00011001010010101110010101100011
01100110011111010110011000001001
00100111111000111110111101101000
00111100100000101011101011101111
01111110001000101100100110000010
00000111000100011011101001100110
00101100000011101001100101000101
01110001100100011010100101111100
10111101011011111001010001000011
10111110000110110011011001001101
00010101000100010111100111010111
10000100110000111010010000011011
00001001000111111000011111011111
11111110001000110111011111011101
11111110000111001101000110111100
01001010001000001000101110000101
11110000100110000000110101000011
00001100101000100111011100111011
00001010001011111111110000111101
10011110101010010010000010110001
00111010010110000011111000111101
10000010001100101101001011101011
00110101010110110010101101000001
10010101110100001010110100001110
10100010000010100000001111001001
11001011001000000000101110011000
10100000011001001110111111110100
10101100110100011000000101100001
11011111000000111001111010000011
00010001010101111011011000111100
00000010010000010110001010011100
10000011010110001100110100110010
01001111100011000010011011000001
00000011111001110011001011001110
11000000000010000000101011101101
10111000101000111110101001101110
01010101111100010011101011011001
00010110011001110001111000100100
00001101110110000100101010000101
10010111111001100001001110111101
11011010010101011100001101110101
10001011011011010011001000111001
01110101000001001001000010111100
11000011000000100010110100111100
01101011111100101101010011111101
01011100011001110011110101011000
00101011001101111110110110101101
10011100000011011000110101111011
01101100011001110000011101100110
00001011011000001101000000101100
11100011110011011010000010100101
10011110101000101101111001101111
01101011100111111100000000111010
00001001000001000000111101110101
