01000110010011000000110000001001
11001110100111110001000001010110
10011001001001010101010011011111
11001010000011001111010010101111
01111010010010011011101111001110
01111000011110100111011110101000
11011110110001101100010111000110
10100111101101101100011101101101
01110010100100110100001011000101
00000010011011010111011000110001
11001111001011010110010101011010
00010101000110101001010001101010
01011110001110100101011110001000
00100100100110011101011100111011
01110001111101110000110111010001
11110000101110001110001100100010
01100101001010110110110110110010
10110000100010110101110110001001
01001010000001000110110010110000
11110110000110101000011011110001
00101101011101100001111101101101
01100110001001101010110101101000
00000011110011100011100000010110
11011001100000000010011111000001
00011000011101101101111101011111
00101100111101001001001011111001
00100000101100101111000011001111
10111011110000100100001000111011
10010000111000010011001111100101
00111101010110010101111101111101
11000110110100010111110101000001
10110011011001000100001000001111
11100111010000100110000001001000
11001110110011011101011100110011
11000000100110101101001111000111
00101000011111001000100001101101
00110111001010110100101101011100
10011111010110111001001101100111
10100100101110001101000111000011
11010111000110101010010110111101
10000000100101010001001111100000
10001111001110110011000010101111
10001011000100101110100000000111
10011100001101000101101101101110
10010001011001110111000010110001
00011001000110110111000111101010
10011111101010111111010000100101
10001110011110100000011100110101
01100001000111001000110111010001
10010110100010101101111010001101
01011001110011000000001100000010
11000001001100100010110011001110
10011111111101110010101101110100
01010110000000111110011101101001
11001001110001000011100000011101
00001001111101110001101111111001
11100001100100111010100111100000
01100000110110100110000001010000
10101000001000011111101110111110
01100111100101001011110101110101
00001000101101010101111110110000
00010100110111111011010001001110
10111111100001011011100000110110
11110000000101011101110100000000
00001110001011111101011000101011
01001000000010100010011000110110
01011010001101010100111000101111
01101101001000100101010110111010
11001101111110011001010110101011
11010000110110101101011011101110
00101001111110111110100010111000
10111010100010100011010111101111
11000010010110001000001000011100
00110100111000111111010101011011
00111000010101010110100001111000
10101000011000011100110101000100
11010010000101001111000001010000
00000101110001110100100001000001
10011101100000010010101100110001
11000101011100011010011110111101
00100101100111010010011001010111
00000101100111011011001001010110
10110111010011010000000010111001
01011010100110011010010110110011
01000100011010010010110000001101
00010010111000101000010011111001
10100101011101010111001111111010
01100111100010001100001111101101
10100101101001000101000111001001
00110011011011100101010110101001
01011000111111000110010000001010
01000000011001001111111010101011
01110011001100001000111001101010
11011111101001101101001101111000
01010111010011011011010001111101
01011001101100101100100110010010
00001010100111000101011001101010
10111110001001001100011000110010
01011010110000101011000111010010
01001100101011000101011000010000
11001010101101001011011000110011
11100111001010101111101001000110
11000110111110101010100110011011
11010000011011110001011100100001
01001100111001000010000010000111
00001001010100001000011011011100
10011111011001110100010000010111
00001001011000011101011011001110
01101101010010110101001010010100
01111001001111000010011111100111
01111001010110110110101000001111
10001100001011110110011000101100
00011011101110010100011000010101
01110010010100010010011100100100
01010001000100111001111110001111
00001110101011011010101100000001
00100011101100000100101101000101
10010100000110111110000011100110
01011011100111011100100010001001
01010110110110010101001010000001
10010010110101110000101000010001
00110010110111111111010001110100
10111101110110001001000010011001
00000101011000001010001100100001
01110011110001011001101100101101
00011000110111101001101100110110
01001100101110001001110100100101
11011011000100101001100110000111
10010010101110101011100010110111
10001000011011111011111000111101
00001011110101010100111011010010
11110101101100001100100011010001
10000101110100110100000010111111
11011111000011110000010010010100
11101011110100101011111100011011
11101110011000010110101011000111
00011111011000100100101001000010
01101110010100101011010000100000
00111000100111101100110100100011
11000001110001011011010111011001
11011011010000100001011110111011
01010110011011110100111010010000
11101111110000000011101110001111
01011010111111110010100100010110
00001111000011101111001100011100
10001110011100110000001100100111
11011010111111010100101100001010
00100100101111000111110110110100
01000101101001000110101110101011
11001100101110011011100001101111
01100000111011111101000101111100
10011110110111110111000000010111
01111111010100101100111011000011
10001110101011100110011001001011
10111110000000110100001100101101
10111010000000110010010001100100
11111001101110000001111000001011
01011001111010010111100100110110
11000000101001010111111001001101
11100100100010011111100100110001
10011011010111111111110111101001
10110010010110101111010000000000
01010010101111111001011011100111
00110110110001010101000011011011
10111011101110110000011000101111
11101110010100011111001001010110
10101101001000110011111010100001
11101110000100110111011101110100
11000110000100101100001011000001
01111001111111011100100110001101
01110011110110010011010111101101
10001001100111100111110100110111
01101110000100001110010101111000
11111010010010010111011111011100
01111010001010110110101011001000
01111111000111001011011101111101
11001000100101011000011000000101
00101001000110000100010000100111
11001110110110011010100000001111
10011000010000011001010110000010
00000101110010000111000100110111
01100111101100110001011011010101
01110110001000100001100101100000
11001101011001011111010011000111
00101000110010110001011111101101
10100101000111010101111000111110
00011100110011000001101101101110
01111111111000000000010101001101
10010110101101011000110111010110
01100000000001111010100001001100
00110100011011000011101110000111
11111101101011111010100100110000
11101110010100100101010010111110
01111101011001011010100011110011
11110111010100010101111010001010
11000001011001100011110000011010
01101101011100000111101011000011
10010011010111001011100011011001
11111100000110000000101111001100
11011110010010001100101100010100
01110000011000011000001111100011
10000101010101010100101101101000
10001111010111000101100011100000
11101100010111001010100110111010
01110001001011100100110000010000
00111000101010100000111010000100
00001110100001100111001011100010
10000101011100000110111000100110
01010010101111000000000101111001
10011000100110001100000010010001
00000000100101000101000110001111
10001000110111101011111111000110
01010001110100001000111010111100
00010110101101011111000110000000
00101101101000101100011001100110
01011000010011111010001100011110
11111011010010000000101100101110
01010100100100011011110011101101
10000100001000101110010110010101
11010000010010001001011111011110
11111111101001111000000100111100
00000110110100001011110001000010
00100011110101110100011110110000
10001001011100000000101001001000
11000011101101001001000000111000
10100100110011100001000001011011
00100001111100100001001111111100
01001110101001010000000001110011
00001111100110100001001000010011
00100110010110100110001110011000
10101110111011101011111010110000
00001001111111110000110101011011
11001111101110100000010111011000
01000010111010010110110100101100
00110001000010010111110011011111
11111010111101110111000011000111
01010100011011011010011011101101
01110011101000111011011011001010
11011100111100001111010001111111
00100100011001001110010100001001
01011100101100001110000011101101
00001001111100000001001001110000
11110001011001100000000100011101
00000011111001000111001110011101
01000100100101101011100110001101
01100101011100100000101011001001
00001110111001011011100110110011
00101110001111010100010010001111
01010000001110111001000101001110
11001100100011111001001110111011
01000110010011111010100001100101
11010110100110001001011100111111
10111111101100001001111101101001
00001011100011011001010001101100
00111111110110010010010101011110
01011010111100010010110111110000
10111110000100000110001110110101
01110111000010001100001000010100
11011011000010011100000000011010
11011000001010100001111000101011
00100010101100111101000111001101
11111010101101111111111011011101
11101011111111010010010011101000
10111011011000001110011111001011
10101110110010001101110010100101
11110010110000011001110010001011
11010001010100001000101011111110
10101010110011000101010111111110
10110000001110011001110100011001
10010011101101101111100110000010
11111101111001101001001010110101
10111011110001000111010000110111
11011101011010000101110010000100
10101111110110110101000111000100
11001110010111000001111010001010
10101000010010100000001011011001
11011101011111001000110111011011
01001011101010001001011000100111
01101011100000000010001110000011
01001000101000110000010100010111
01111101001111110011011011001000
01000010101101110011010001001111
00010010000101000101111000110001
10100010101010100001101010001100
00110011000101100000110110000110
01000100010001001100010000011010
11100110111010000010110110100010
01110011101000000101110110101001
01011100011011111110000111010011
00101100101011110000100110111000
10101011001000011011001100110110
10101110100110011100011010000110
01100011111110111101011011010000
00001110111011100000110111101111
00101011001101001110010100111110
00101000101001101100010110110110
00001110100100110100111000101000
11000110000110100100000011101010
11110001000001001100001011101000
00000111010010000111111000110111
10101010010000011010111111010110
01011000001110111011011001100101
11110000010110101100100000101010
01111000010101100110011011110100
00100011111010000000000000010100
11010011000111100100100101011100
01001000011110110011100000111010
01101100110011101101101111100010
00111101110001001001100001010100
01001011110100010011010000010000
10101101001101101001100001111111
00101110000010010110100101111001
00000011010100100101100111011110
11001100000011110111101011010101
10011001010011110111011100111111
01100111110110111100110110000010
10001011100001001010010001010000
01110011011111010001100111101110
11100011010010101111111110011111
11001001110111100111000100101110
10010011011101110101010001000000
10010001000101010010100000111111
10111001011100000111111001100001
11101101001110111011001101001010
01011000000000001111111011110110
00111011101100011110010010101000
10001011001100100111101010011110
00111011111000011010110010000011
10110010110010011000010100100010
00011000011010000101101111110101
10110100111111010010001100111110
10110111011101011100100011000000
01000101010101110010011011000010
10101001101010110010101011110000
01110101001100110111000100000011
01100111100011111000001001100011
01000000010000011100100101000000
10101011010110010100010110010101
01001100011011110010111011101110
01100101110110011010111100101111
11010111100100111110111001111001
01110011011010001101100111000111
11001111110111100101101111001110
01010000001010001110111001110010
01001110111100110011100110011101
11110011110000011100001001001001
00111111000100110101100010100010
11000010101011001111101011011011
10100110101010011100111010011111
01111010111000001000001111111001
10011101111001001100100011110101
01001100001011000100001111111100
10000101110101001001111110111110
01001110000111100001010100001010
10010000000011100111100000011100
11001001011101010101101110100010
01101111111000011000001011011101
00101000111101010101000110010101
10011010111010000001111101001110
00111110010100111011100110110010
00100101111001101010011100001001
01110101100101001000000000111100
01010111001001001000110110000011
11000100010101101101110100010100
11011100101000011111000000011110
01000111000111011101011010101111
01000010100011000100100111111101
01111101110100010110011001001100
01110000010100100101010110000111
10011001010011111011101111010011
01101010100101110101001011001001
10101101010110011100111110111000
10100010001001010000111110000111
10010011011011111010100110011110
00101000000110011010100000110111
10001101110110111100101101110001
11100111100100010100010010001000
01110010111010111000110110101111
10100000111010000001110100001011
11010111001101011110111000000001
00011100110011001110011011111101
10101101111111101011010100110100
01011010010001101110101100110101
00111101001101111111000000101001
11001100111001111110010110100110
00010011100110011100010100000010
00100000000110110000001111101110
00000001101010101010001011011101
11110101000101110101110101010110
11011110101011011001011101010100
10110110100101100011000111001010
00101111010010000100010011000000
11110110100001100110100011100101
10011011111101110001010100000000
11001011111001100111101000101111
10111011100011110011111010110000
00010100010101001100100100100101
11001110110100111000000111111001
10011010010110000010100011001010
00000111100111000101111010001001
01001111110100010110000011101100
10101001011100011000101000111011
10100010000111111101001000101110
11001111111100000100001110110110
01111000001110111101100000000101
11001001011101110011111010100101
11011000110100011100110100010010
11010011100010111111011010110110
11000000101110001000000101111001
00100001100110010100100001000000
00110000000111100111110101000100
11000101001110011010010010100110
00001110001111000011100100000101
10111010111110101011110011010010
10001000111000110011001110010110
01000110101111111001101001101010
10100011011100101011100000001110
11101010000010000011001010111101
01100011000101100011001010011001
01100010010100000010111000010010
01011101101101110111110000101110
00000100001010110010110010101000
10011100011000101010000101001100
01111001011011101111100110100011
11111110011011110101010001101011
10000000011000111101111001110010
00011010110110000001000100011001
00010101101010010101000110101011
10100100011110110111001100101100
11000111011100101000011101010110
10101001110001111010000101100110
00000000000000000000000000000000
10110101010011110101101010011010
11110100000110111011110000100010
00110010111100110110101111010001
00010001001000010111101101111000
11111111011010011111000011001110
01010101110110001111100011100111
01010010001000110100100100001000
00101100110001101101010011100001
11011100001001111000010001101011
01101110001000101111100110000101
01001011100000011010001101010110
10011000101111001110111100010000
00101001000101000010001101011000
01101011000001000000011010000011
10001100101010111001111001100000
11111100100110000111100110011100
00010010101000100110101101001101
01011111101001001001001010101100
11101111111110110110101001110101
00110100010000100000000001001000
11101001111011100011010001111100
00000111111011111110101100000000
11100110010110000111100010111010
10001110110101010111011110001101
01110001011000001101001101101000
00101101101000010111110100000000
10010000000000010001101000100111
11000110100010000001011100110001
10100001111110010111101111000000
01000001001011011110100110111000
01110111101110000010110101111101
10110001001101001010101110000000
00100101111110010010010011110010
11001001000110011011010001010000
01000110100001010110010110100111
10000010100111011010011111010111
11000110001010011110110011110100
11101111001011010010010111110011
00100110111111001000001001110011
10110111010000000110011011011001
01110001101100111000000110010010
10011111101100010111111010101111
00101011101001011000100101010000
11001011111010011110101101011001
00010101001100011011011111100100
11100001110111001000010001100110
01010101000110111011100000100010
00110010010101111111011101111101
10100111000100000101010001101101
11010101110010110010000010110011
01001111100101000011100100100101
01000110011011011110011001001001
11100010001000101001011101100011
00111001111010110101001100011101
01001110111011010001001000000111
01000010101010100101010001000010
01110100100110001111000001100000
11100111010010001101101000010101
00100111001110110111111110110101
01000010010110010000100010111000
11101101110000010000101100001111
00011100011000010100100101101101
01101101110110000010001001101110
00000100111000001100110100010000
01001001101010101100011110111110
01010000000111011111101100101101
11111101111011011001010111011011
11011001101100111001011111011010
01011101100001011010110100110110
00010000100010010010100001010001
00101010110000111111000100010100
01001000001110100101000001011001
01110110101011010001101101111010
10100100110010011001110111000111
01010110011100000000001100100000
00101110000100001110111011011011
01110101011000111001111100111001
01111000000100101011111100110001
10000010100101001111011001111011
10011111011000100001011111001111
11110100011110010101110001000010
00010100100110110010100110010110
10100100110111110010111100000111
00011010111011110101001101011001
11100111110000110101001011110111
00101010110010111101110010001111
11011001101001111010111010000011
11000110111001111111011011111001
10101011011000101001001011101100
00101101000010111011010101101011
10111101101011111000100000111110
11011011001000111101100101101111
10011101100000111101010000110011
11011001000000011111100101100001
11101111010110011010110101010000
00101100111100111100111001111010
01001000100101001111100111110100
10000010100000110000111100100110
11111101111011100110010011101110
01111110010011101010101111111010
01000000101110110010011011011010
00000110111001110011010110010101
11100110010111000001100001101010
01111100111100011101011010100011
00101011100111110001001110101010
10111111011111101011100100010101
00010110111000111100010111110111
01010011100011111101010111000011
00110000110111100000100100111011
01010100011111101000000010101001
01110000000000100001010010010001
01001101000000100111110010010101
01000010110100101001110011000101
11101111010101100111010011011101
00111110000010000100101001101110
10100100111010100111000011111001
00000011101110001100110010000101
11101100101110101011001000001100
11011100110011000111100100010110
00010001011010100100001000110010
10110110110001111101001010001110
11110011010111101011110101010011
00011101010010101110010000001001
11011101011011000110010010100101
11010111010000011100001101111000
00010011000111000111001001100001
10101011010111011110101001011111
10111100101110000110011010111110
10101101110001001111000010001110
11101101111110110101000001000101
01101111001111111011010011010011
10010010101011011011011101001010
11011101110101010101000001110101
11000000010100001100110110100111
00101110011100001110111010111010
10110011111110000100001110010111
10000110000111001000001110110100
11001110110101010000101110011110
10101111101001000100101100110010
01111110101111101100111011110011
00100110010000000101010101000010
11000010001011100100100101001010
11011011001000010100001111000000
00001111101100100010010001101011
01110010110000001000101011110101
10001100110000110001110100011001
00110000110111100000001101100011
10011101111010001000110000010111
11000010111001010101101111000101
10000110000110101100011101000000
00011101000011110010001100111111
00010101001110100100101111101100
10101111001100011100110001100001
11010100111001011101101010000010
01010111010100110111000010101111
00111000110001100110011100010110
11001100100011111000000110011111
00100010111011111101101110011001
10110000111010100000100001010101
00110110111101111110001001100001
11110100100001101111111100110111
00000000100011010011100000000000
11010111100001110011111010011011
01100100110001100001011100010111
01001101111111000101100000101101
00101011001111101011001000110000
01011100101011001111010110000000
11000000100011111001110001011101
00101011010111010001011011010101
01010011001101000110101111001000
01011010010111100011001000001111
01101010101110011100010011111001
00111001110001110110001000001100
10011000000101111010100111010010
00011000001110110011100110111101
10111111000010101001010100000000
10000101000011000110100010010001
10010100001001111101110101001111
00111101000001011001101111010001
00111100000010011001111000111101
01101011100000011101101101111010
01001101111001001000010000101110
10000101101001001000000000110000
01101000001001000110110101011110
11101010001010111001101011111110
11011010100111110111001100111110
00001111111101000111010010000000
00000010001000000000101000100001
11100001011110011001101010000111
00101101111011000001010010011110
01100011010110001011000000101111
01100010010110001011100110110101
11010000011011100111011111010001
11010100111101000000011010101111
10011011000011010100010111001100
01110110010011011101101001101000
00110000111100111110000101110001
10110001101000000001110011111010
11111101111100100111000000110100
00010011111011110001000010000101
01101011111000100000010010110011
01000101110111110011110100011110
10111010000011110101011110011001
11011001111011111101110111010101
01111101000101101001010001110011
10100010001110111010010100100110
00100101110100011010001010010001
00101010110000010000110010000100
11000101010101111101101100100001
01110111001010000000111001011111
00100101010010111000110101000001
10100111011001011101110111010001
10011011111100011100000010011001
01110010110011110101110011011101
10000001100110001011111000010001
10100011011011010111011101101100
01110001111010001111100100100111
11111110100111000110100010010110
01000110000100110001111011110010
00110010101011110111010001101000
10101001111111011010010010100001
00101101100001000011111110110110
11001000000000000111010000011111
10000011100000001110000010010101
11110011010100101100101100111101
11110001100001100111100010001100
11111000111010101011010111100001
10100101100110010001010010010000
01011000101101101010001011111010
11010111001001010011110001101101
10110110001000100111100001100101
10001011001011110101000000101100
10010000000111000001010001110101
00000000110011111000010001110001
11010101101101101111100010010100
10111001100111101100010110110011
01001110000111000100010111101000
01110000010101100100001000011111
10010000101010000100101001100101
10011111110101010011010010000001
10100110111110011110111111001000
10110001011100000001110100001000
00110101010110100010011001000101
10100101111110000110010101000111
01111111010011001000011110011100
01100111100100000110100100001000
10101111101001001100101011101111
10000100110110010100100101001011
11101101110010101010101101011100
10010010110110101101110000100111
11111110101111101011001010011110
10111100101101110001100111000110
01100000101111010010100000111000
11000110011000000000000011101110
00111011000100010100111001101100
10101111000001100101100100011010
10010001110000000011101110000000
10000110101000001100110000011001
00010101110011010111011001100100
01011011010000111100011010001100
00010101110100101101100010110010
01011011010010110011101111000101
11101001100000110101101010000100
11011011100101111000001011111111
01110010100001011001101010001000
11100101100010101001010000000110
10110111110101111110100110101011
10011110000001110011000110011010
01001000100111001011000010011000
11110011001100011101011000110001
00101001010011100010000000000011
10001010100111000000011111111001
00101010110000110111101100010111
11000100100011001100001100001111
00100111011101101100101100101101
11111000011101011100110011011010
00010100001010111100011010001001
00100110100110000111110101101111
01100101011000011100000011001100
10001101100110011111111011011111
10110101101010010110011011101010
10110000101110100100010111010111
01000111001000110101101000110111
01011111100100011100001010100111
01001101010101000000100001110000
01111001000011110100101000111100
11010101100001000110100111001000
11100111010011011110011010100110
01011000000100111100010111000110
00001011100000011101101100000011
10010100110110110101101011111001
10111000101110011100110110001110
01100110010111101100111010000101
00000100111010010000100001100001
10011111111010111100010101111100
00011011111101010101101101010001
01000111101011000111111000010100
00111011101011001111000100100011
00100001101111001001000000011010
00101001101101011001100000100001
01010111001001001000011001010110
11011100110100011110100010001011
00101101110110101111011110001110
01101000000111100111110001000010
10011100010011001110010100000100
00010111110110100010100100000011
11101000111011101100101101110101
00011110100001011010001101000001
01010100100110111111111100010110
00011101110100010010100010100111
10000001011110000000110000110001
11110110111001111110001110111011
01011001100010011100110110100010
10011101010101111111110111010000
00111010011100010110110110011010
11111001101011000011110001111010
01001101110111000000000110100100
01010101011011100011011010010111
00011110011110101100001110110011
00110111000011010001111000000100
01101000010000100001111011011111
10100110111011100001000110001110
11100111000011000110111000111110
01011000101001101100001110100101
01100001100011101110111111000001
10111110111001010000110110001110
10000001000101001001101101110100
01100111110111110100001111111011
11011001110000011111101110111101
11011110001010111001101010001111
11011101011001010000111010101010
10010110010011101001001000101000
00110001101011101110010110010100
11001100011101000011010110110011
01101111000011111001101001010010
11101100100011001100110101101110
00110110111010111110001011011011
01100110111111000110110000100110
11011100000110001101010110011111
01000010100100000101111101110000
11111101011110111011111110111111
10010111110101110010110000100010
11101011010111000111001110010010
01011101101100101001100110000101
11110010111010101110001101111011
01001010000011011001010011001011
00111000110000011010110000011110
01000101101000110111110000001101
00111101100001111000001011000000
10111101011001111110110011111001
00100101100010011111100000100101
00100100001101010001000111110110
00010010001011110100010111101110
11100001100110011111101000001110
00111011110010010100110111001111
01001100000101110011001111010100
01000111000111101101001000101011
01110110000110101111110100001010
00100000000110100010010101110001
01001001010000010100111110101100
11000001101100111110000000011010
01000100101010101101100110010011
01100001001001011000011100010010
01000011011111110111100101110000
10000010111101101010110000000000
00101011110110111100100011110011
00010001001001101000001111011101
11011011111111011101000101110101
11010010101111110010111001001010
11010011100101101101111111100111
11001110111100111001101001101010
11011101011111010010000010111100
00101010000111000110001101100100
11000000010101110110000010010000
00111111001100101100011001110000
01001110100110100111110110110101
00110011011110101001010101010111
11000011010001111011001111110100
10001111100101000100001000001110
00000000110010000101001110000101
10011110001001000100001011000011
00101011110101111011101100001010
11000101001001000100011110100101
00100100001100110000010000000111
00110110111010101110001000001010
10101000101111001010000000111111
01111100010011101111101101000100
00001001000100010101000111000101
00100011110010000100010001001100
01101111110100010100011100010001
00100111000010110101000001001000
01001011111001110101110110001100
00101111011000111110010111100101
00001101000011110100001011010000
10110001110010011010101001111001
01100011000101010001101000100001
01011111001001011111100110011000
01110100110101010011010010011010
11100101100011010011110100001001
11010010000000000000100111000101
01111101101110101001000011111011
11000100111001110001100010111111
11010100111001110101000001100000
10111001001110011001000111101011
01001010011001000111110000001100
01011010100001011010001010010111
11101101010111111111000100000101
00010100110011100001100000100001
10010000100101010001011000000110
00000100010000011001000001001010
10101010101000000011111111010000
10100110001001101100111010111010
00000000010101111100101001111111
01001000010111000100111110101110
11001001010100010100000111101110
10110010000110000100011001101101
11100000101101010010100000111001
10001000101100100110110101101110
01100110000000100111001011100111
11110101111100101010100011100011
10010101000001100111011110100100
00111000100001001011101100000001
11011001110001000010010111110100
11011011101001001111110111100011
01001001011000011110111111100001
00111000110011000000011010110110
00000011001111010110011110111000
10100010111101110101000001100010
10001010100000100110011100010100
11111010100011001011101001100000
00110011011000001011100110111011
10101111110010101110101000011010
10111000111011111001001000010100
11010110101001001100011100001111
00110111001100110010110101111101
00010000110011110010111101001011
00100001000101110101111001001110
10111010001000110111000011000110
00110110010100001000010011001001
00111000010110100001101000011100
01101001011110100001100000110001
01110001111001110111111010111011
01001000010111101001010010000111
11111000111001101011011010100110
01110111000011011101010011010011
11001111011111110101111100100010
01000100111101011111110100000101
01110110100100010000000111101001
01111110000110011101001101000010
01111111001010001010001001011110
11111100101010001100101111101000
01101000010111001010111110101011
10110100010111000101110100010111
00110000110100101001101001000001
00100000001101001110101001001011
11011111110100000001101100011101
10101001000010110000010100111111
01010111110010101000110111101110
11011010110000110101010101101110
00110110010111100010000000010001
11000000011100101011111010011100
00110001101111100111000011111000
10111100110100000000011110100011
00001011010001010010101111101010
01011100100100001010110100010001
10000111010010011011001101101101
10111011101100000111001000101100
10110000000000000011101011100101
10100010000111000000111110110011
01011000111100100000010111110000
11110111001010111101100011010010
00100001001010010100000010010110
10100111100011110011100001001101
10101001111000101101101111110001
10101100110100011001000111001001
00111111100011011010001001110010
00100100111111111111111001001001
01001001100101101100011111001100
01110001100101000111100110000010
00011011001001001100100100010111
10001011011110111101110000010110
10110011001000001111011011110100
00101001111010000110110000011001
11110110011110110101001101100001
01011101011011100001010011001000
10100110110101110011000010101011
10111010111101010000000111100110
11011101100100010110110110111101
10001101001001110001001101000111
00100001111101000010000011011011
10010011101011001111111010011001
01000111100001010101000100111111
01110111101110000101011011110000
01111000000101010010101011101001
11111001111001010010010100010111
01100101100010100011001110011110
00111110011000010100100001100101
10111101111010110111010011000110
10010111100000111100010010100011
01001111011011111011111111101001
11101011101001000000111101001110
01101111011100100011010110001111
11011000010000110100010001101000
10011010110000110000111101011100
00001000100110110110010011100101
01101001000000010010101101000110
01000100010010001110010011101101
01010010100101000000111111011100
00101010111101010010011010100101
00011101010111101010110101000011
00010100111100011100010000001100
00001100101101100101011001011101
11111001000101000111100100111000
00000111111110110111000000101100
10111100111101111111111001100011
01011000011001110111001010100111
01000011111100101010000000001101
01110000110110111010001001110111
01010001101011101111010010110010
10010111010110100000010100110111
01011010010101001110110011100001
00110000000010100001001011001111
00101110100010000001001110100111
11001101110011010110101110010011
00010011100010100100010001011010
01111001110000000110101101110110
11010110001000001100011010000001
10000000000000110110100000011001
11101100111111011001011111101000
01111000011101010001111001110111
11110111000110001110001011000101
11010010000110100110101010100000
10111111101010001001100101111000
01111100010100100111100100001000
01110001110111000111001111101001
01011111111011110100000000001110
10000001011000101010110111110101
01111011010110100111101101000001
01101010000101100111010000101110
10100100001010001001111111100000
01011011011001111001010101111011
11010100011010111111011000101111
11100000101101001010000111100001
11111010000001001101101100000100
01011010100101010010001000101100
11101111000010011100010001010100
10110111101011011001100000010101
01001111001100110000110011011100
10001010110010111001000101000011
11000100001001100011110111001011
01110100000100111010100101101011
00010100001000100110010110010100
01111011010010100001101111110011
01001001111001111110111110110000
00011011110001111111101101101111
10110001000101100010011010000000
10010010101001011100001100100101
11100100100010110111110011000100
11101110000010110100100001000111
11000011011001111111011001011110
10111101010101110000000111111001
11110000011111100111101101101111
10101010010111110111111010101111
10110011110100011011111000111100
10110101111111010110110101110110
00000011011001111000110000001011
11100101111100110000000001111101
01100110110011000011101000000000
10001110011111010111110011101100
00000010101101010110111000111001
10111111101010110110101000011110
10110101011110111010001010000111
01000001110001001111101100011101
01011000111010100000101100111100
01011111001111101001101101101111
01111100110111000001000011010110
01111010100101010110011011111100
11100110000010111011000000011011
11110111111111000000000110100100
00101110111110110110010101101011
11001110100010011101011111001010
10011011100110000101001110000001
00001000011101101111101010011000
00100110110010100000100110001011
01110000110100001101001001101011
01001001100110010100001100100110
11011010110111011011011110110111
01001100010010010110001011110111
10101101011100010110011110101101
00110111011101101100110010000001
00100101100111110111101100101110
01001000000100001100111011001001
10001000001110110110110000000000
11010100000101000111100100010000
10011100010011101101000010000011
11011110010010110001101000110011
01000011100101001100100010010101
00100111110010111110000110101000
01101011000000100000000110001000
10000010000111010011011111011000
00010110110001010011101101111000
11111101101111011111100011100100
10111111011011100101110011111011
11100001101011101011011010011010
01100011011101011001001110111100
11010110011011111101011100111001
01000001011111010111101001000110
10010100001001010011100010100000
00110110000110100000111000111011
10101000010110110101000000000010
11000000011000110111010111100111
10001000001010111100000001000101
00011100110100111000010010111000
00101101010010001110010001101010
11101000011000011111011110110101
11010011101011000110001001100110
01000101100010001110001010101010
01111010011010010110010101010101
01110010011011110000000111110001
01010010101110111111000111100011
01010110110010001001111111101110
11010011110010111100110101011101
01111101100000100010110001111101
00100100100011101101101011000100
00010101101100011001001010000001
00110001110111010110001011101010
00001110011100110110001101100111
11011111000111010011110100000110
00111010000111011001001001101111
00110111001011001011011101010101
11111100011011110100001100110110
01001110101001001100010000001010
01100010100100011101000001100110
01111111111000101011110011000010
01000110010001011101000110101100
10111101110000010010001101001001
10000101111010111000011001101101
01001110100011011011110111110010
01010110010111010110111010000111
10111001101111110000001110010111
01100000111100101100000100110000
11010101100110110001001010010100
00100110111101110100111010001011
11010010110100001101110101110000
01010101000001100000111110000010
01000001101011101100110100010100
00000010001111110010110000010010
11001111110110010001101101100101
00001111110010011011011100111001
00100001111001010111010100111100
10011011101001101101101100010111
10011110011000011101000000000001
01001010001010101101111111010101
01100101000111000110001101111011
11011010000111100001110010001111
11000011000001110111011101111001
11001001001100111000111101001001
00100110001110101101110100101101
11111010001011100111110011111011
01011101100110100011111011100010
01011111110000011010101001110011
11010110100111000110001100010100
11100111010000001101111101110010
00001000101111111101010101101110
10010101110101000001110001101110
00001111011111000111011111010111
10110001101100001111011001101101
01111010001101100011110010101110
01110110111100011001111111000111
01100101000111111011011000011101
01001110111101001101000111110010
00110111110101111111100000010100
01010100100010010010010100110010
11000111001111111110100011110111
11001111100101101111000101000000
10000010100000011010011010011001
11110010000001011110011100010010
10100010000011000000100101001000
01111001100010011100111111010100
01010001100100101011111100111111
10110101010011010111111100001110
00110100111100000110001100001000
00110011011111001111111010001011
00111110100101111010010001011010
01000101100111111100101001011100
00000111011011011010010111101001
00100101011010100111110001101000
01101001110101110011010010010001
10110001101010101100110010011101
01100000010101111111001110000001
00100011001101110001101010111000
11001011011010111011010011111000
00101010101111010101100101111011
10111110111110000011111000110101
11111101100100111101011110001101
01000111001101110011110001010110
10101011101111001111100010111010
01101000100111111100000110110101
11001011111001111001011110110000
01010111101101001001011100101100
11001100111111010001101101011101
11101011010100100100000111110011
11000001011111010000010011110011
11000111001100101101101010011111
11100001110110101101101101001010
01000110011010100011011011110011
00111110101000101100111110101101
11011010101110011100000110110100
11100000000101101111011010010101
10001001110010010110000011101011
01101100010011110010010110010000
10010010110010111001100110000011
01001100001101111001100011011101
10101111111010110101011110010110
01011001111110100000101101111110
00101110001001110111100000001110
00110000111100011010100000110111
01001010111011010100101000101001
10010010110110101000111001000011
10110010000111001111100011101110
10011101110010001011111011101011
00000011011000111001000011010011
10101011100010110010101000111111
00001101010111101111001101100111
00100000010111000010100111011111
01001101111100110110111110001111
10000100001111101010100111110011
00001100000000001000100000101101
10111100010000011011011001110010
10001010110101000000000001110011
01011101110010100101100111101100
00110011100011001101110110110100
10101001011010010101110010110100
01011011110110100011010110000010
01001110010011110010111111111110
10100110011000010110000001011110
01000000100111110010100011111001
10000000110100010000001011011100
01010011001110101001101001100111
10011110111000100001011101101110
01011111000011110000101000011011
10110110110000011100010000110111
11011011011001110111000100100000
01011000001100101000011101010001
00101111100010101010101011011110
01101111001000011000110111001010
01000000110011000000000000000000
00011010100101101110010101101100
11011000101101010101001111010010
11001111110110001111001100110010
01110000010011011011101100000110
00101010001010101000101000100111
01001010010111111101001100000101
01110010101110110101001001010010
10111101000110100000101000011100
00111001111101111010101001110110
00000110000100001101100011011011
00101010111111110100011100001111
00101011110000101110111011000111
01100100001111010000010000101110
11110101010010011001110101000110
01101010111110101001000101001110
00010000011001100010110100110010
00111011000011011000011111101000
00000001000000101101110100110011
00100110000000110011011110111000
00101010001111100010110000010100
00110001110000110010110011110111
