10010101001110101101001111100100
01101011111100100111010100111101
11111101101001101010010010000101
10001010110111010100110110111001
11001010000110110100101011111100
11101111101011100111011101010011
01110010100011001111101010110011
00000010000111000011000100010101
01100010011101100110110110101111
01001001011010111100100000110000
10100101110011001001011001011111
01000010100010100010000100000000
00001010111111011001111010101101
00010010110011100111110110101111
01010111110101111010010111111001
10011100100011010111111101010110
00100000111101111000101001000110
01001101110001000011010011001010
00010010011000011101111011010110
10001111111111011111111101111001
11011011101001001110010100010110
01010111100001110000011001001001
11110111101101011100110100111100
01101000100111110001100111011010
01110111111101010101100011001110
10001010100110100000111100000111
00001001100100000100011101111000
10000000110000100100111001111010
01110010011100101111001011001011
11111011001011100110101011011101
01000110111101100101100110001010
01010111111000100011111001101110
00110100010011100010001000010100
10001101111100000100110111001000
10101011010101000001111001101110
00011011011110111110111001011101
00100001111000011101101010011111
00011001101101110111101011101101
10100100101110111000110111011111
11111101000100100111110110100111
10010010001011010111000001101001
00111101111100011011011011101011
00111010111111100100000011010000
11001110000100011100011000101111
01010111100100110101101111110011
10000010111110001001011100010010
00010100100011101111110100100111
00101011111100011100101010010011
11110001111111111000101110011100
01101001110011010001101100100001
01110010001110011011101000010011
11011100101111110001011010111000
11111101011010100110110101101001
01110001110110101000101101110100
01011111000010110010011010100111
11010101101111001101010110001111
11011011000110001100110000010010
00001101010000011111001000011001
10000000010000100100000001100100
00010010010000100011100010101000
11111010010111000110001101001001
10000110101111111111010110011111
11011000011010110111011011001011
10111101001000011100111010010100
11000010110001000100010000101100
00001100001000010011011111010110
00100000111011001011001111010100
01100000000101100000110101101010
11111100010100010000100000110011
01000101000000001101100111001111
00111101101110001011111011111011
11001101101000001000101100011001
00011000101000010110111001001011
10011111000001000101011011111111
01111100000111100001101111111111
10100001111100011011000101000110
11110000110111000110100001111101
10001010101111010101001101100010
11111011000110000001001010001011
10000101101111001100101011101110
00010101110011111111001011101001
01000000100111001101100011101110
10111111011000010001000101001010
11111001000001111011111010010011
01011001000010000111101111101000
01110000001101000001111001001011
10111001010010010110100101110011
01011010011011110001110111100111
10011100111101011111000101011111
01000101011001001001101010101110
10101111001001010000010100111000
01101000000111100101001000111101
00111000110010100010101111010000
10011010010110010011000101001011
10110010110101000011100010011001
10000110111100010001100100010011
10101111010110000011011101101011
00011111011010001101001111010001
00010110011011001010101110100001
01110100101000100000101111000111
11110110111100101000011011011101
00111000010111010000101111100011
10100110111100011100100001000110
01111110100111110100110001001101
10110100111001010101100100111000
11001000111011011011011100000110
00111001100000101100101111100001
00000101101000111010111111110010
01100001100101001110001010111011
10011001110001001111010011010011
00111001111111111011100010000000
01000111110000110011010111100110
01110001001000011110001001010001
11110011101000000001000101111010
01001001101101010011100111001111
10000111010100100110100010100000
11111101110010011111100110110000
11100101111110111111011100111110
01001111001111110101111011100001
01110110100010100100111110000000
11010011011110101101010111101110
00111110010101100101111000101001
00101111100000101010010000111110
01110110101111111011111110011010
10111110010110100100110110111101
11111101111100011000100100010010
11110000101100101110111011111100
01011011001110100101000111111010
11110110100100100000101100011010
00011011001110011001000101001000
00000111100011011011100010101011
10110110010011110111010101111010
00111101011000110000111011110000
01111010111010000100111010011001
01010110101111111011111010101001
11111010011101111011111111010101
01111010111000111011010100100101
10111000010111010011000011010011
10100101111010101011111100001001
01101010011010111100100010000001
00001111010111111010011101111111
10101010010111001110101011111110
01110110100011001101011001011100
00110101110001101110001010110101
10110101011100011110101101001111
10010010100111111111001101101001
00111010101111110011011010100011
00010100000010011111011010110110
10000101111101111001101110110101
01101010101101111001001000100111
10010011110010111101111110100110
10010110011010010011001001000100
11001001100010110010111110101100
10100110011000011010101111110000
10001010110001010001011000101101
00111010001101111101000010101000
01010001111101001010000010110111
01010011101011111100010010110111
01011010111110110100100001010100
10100000100111011000100100101010
11010001100001100101100100011001
01110111010000100111101110010111
00001100101000000001000100001101
01010010100001010101010111101111
00011101110111100111011100100001
01010111110100101101110111110101
01101010100101100101110100010110
00111100000000100100100110001100
01001010111111011110000111001101
00000001000001110100111111001110
11000001100011100010101110110110
10010011111011110111101101100110
01110111111101111010010111011011
11110011110110101010011011110001
11101000111110111110110001101101
01010100101101011010100000001100
11100101100111001011110111001111
01100101100101011111011011001110
00000100011101010100111111000001
01001001100000100100100110011110
11110001101101000101011010011110
11110111010010101111110101011011
01001011100011100000101001011011
00011011110001100001000111011101
01110000110111110101000000010011
00101100010110111010001110111011
00011111100000111001100110010010
01011010111000100111000010011010
11111111101111100011011011000111
00111011001110101110111100110110
11100000011010100100001111010010
10111101001111010100101111111000
00010110111110000111011001001111
00110001111010001100111100010011
10101101010001101101010110101011
11010101101111111100111000110101
00011001001001101001111000111110
01111111000010100001011010101010
00010110001001100011010111011010
11100111000111110001011110111110
01110100101101010111101111010010
11101010100001001110111100111010
01000101000101111111110110000011
10100011101010101010011100101111
10000110001010010110100100011110
01101111011101110000010101011110
00111111111111000000010101101111
01100001001100001010001111010111
00011111110010010111110101110001
00100101100110011010001110000010
11110110000011010100001011011010
00110110011010101000011100101111
01101101100100011101001100111111
01111001101000011001110110011010
11010001111000100011111100110110
01100010101111000101010111011001
10000011101001110110001101101111
11111111101101010001000000001000
00110110110011110010001110100001
00101010001000101101111011100010
11101000111111101010111111101111
11111100100001111010101010000110
00110111001010100001111100100110
11100110100100110111111101111111
01111010111110000001000010000011
01010101001111010101111000011100
10011111100110011000101010011101
11111011001111100011110011110011
00001111100101000001100101100110
01010111001001001100101000101110
01110111010100000001110111101110
11100111010111100101011001111011
00110010000110111100000000100111
00011000001111000111110100110110
01100001110100101101100000101100
11100000001111000011001110011011
10011110011111010010001101001011
10101110110001110110001110011010
01100000100001100010101100101111
10011100010101001101001110001111
01001010001101011110111110100100
00011101001001010100001100000111
00010000110101101001010111110111
11110100011100011101001011101000
00010001011101110110110010101100
10000010101100101100010110101110
01010000100001100000100111101100
11000011011010011011001001111000
00001111100101100110010111011000
11010101101001111111001111100011
01101001100000101000111101100111
11001110101000100100100101000101
00000111100111101111110000100001
00101101000111010011101011000010
10000000101010111001100100101011
11011100100111010101001100111111
01011011000111011010101010000110
11101110000001000111010110111100
10011100010100001111110100010110
11010110111111110001010100000000
10100110010110101111110101100100
10110110110111111110001001111110
01110000110010111101110101110011
00000101111011110101010101010111
10110110000000111001100000100011
10110101110111011010100101111110
01100010101100101100100000010110
10001101100000000001111010100001
01101001111111111010110010111101
00000000000101110001100101010111
11011100101001010001010001010111
00111000001111101011111100110010
01011101100111101110111010011101
00010001111110000010001110111110
00010100011010010001011110010011
11110100000010100101101011101101
10001011100010110110011000111000
00001011110001101010100011111001
01011110100111111101110101110011
00000000101101111101001001101111
01010010011101011001111110111010
00011101101001111110011001111000
01110111011011011101001110001110
01110001100001000110111011011111
00110111000100001110101001100010
01100101001001100001111000001001
01100010110000100101110010110001
11100111001010010010010110000001
11111000111100100010101101111000
00011100100110001100110110110001
10110100001000000111001000001101
10101110110100011000101000101010
11010111000100111011111000100111
00001101111011101101110011011001
10110011110010010111111111011101
00101101110001000110111000110101
00000101011100111010010000110111
11111010100101001010100110001000
11111010000010011111100110101110
01100001010001101000110101010001
00001111010110011001010001010101
01011011111101010001000011000110
01100011010100000011101110001100
01010001101010110000010110101101
10100110011010101100100100000011
00011000001001110101110101100111
00010010100101001100111110100011
01110010011101101101111001011101
00110110101110010000111010111110
01011001001001101111000100101000
11011110111010100100111011101010
11010101011001100011000001000100
11010111101000001110000010111000
00010111100000100100011101010100
01000011001001010111110111110100
00111110000010101010101111110110
00001011001111000111011111111110
11011111001100110001110110111100
11010111010100001110101000101001
01101110110110111101011010101100
11101010100101111010110000011000
11110000100111010101101001001110
11100101101111010100001010111000
01110001111111011100111100100101
01110111100100111000110010100011
10100010100100011011001111101100
10011100000100011100111111110100
10010110010001101001100010110111
00000101100110100111111000010100
11001110001111011110100011010100
00110100000111011101111111100010
00100000111100001100001010110000
11011001100101011101011111000011
11000111111111111110100011000010
01101101001011101110111011011011
00100111000110101001011101010000
11110101100001011010011011110011
01101010100000100111110100101011
11011001101010001011100000111001
01011011000000000110010110111001
00110111001110011011001111100110
01100110011010111101001110110001
11001001000101010111010011101111
00010000000110010000100101000010
11111000101101000111011001111001
01000101011000111110110111000101
01110111011010011010000000101110
10001100100111010111000010101110
00001010101000101101010001011101
11011011101111110001101111001100
01110110010000001111111001110111
00110010000000110111000011111011
10010010010101110010000101000001
01100111000011011111100111101100
10010010111111111101010110101001
00000010111011110000000101001110
10010011000001001110001011010001
10111010000101100011001110101000
10101000110000110011011110001101
00111101110110011101000100101010
01000000101111110110111001111000
11110110000010011110010110101100
00010101111011101101010010010011
01111001001110110100001100111101
01100011010011010111100001101100
10000111100100110101011001101101
00001010110111111111000011000000
01110001001001111111000101100101
11101110010010111100100001000110
11010101110010111111011110011100
01001101100011001011111001100111
00000001011010000001000010000001
11001010010101000100101100101101
11010110101011000111101010011111
01101000001011111000110000110000
11001010000111111111001011001001
10111100010011110110110110000100
11111111100111110010010100111011
10101111011111010011000101101010
10110000001011110110011110100000
01010110110101101110011110111100
01011111101101000100001000111001
01000001101001010011100101100010
10101010010101011111110111110101
00110001011010110000110000001001
11001101011110011000101000100011
00110111111100111100100101011000
00011101010011100100010101101111
00000110011010110100001110100011
00011010110101100100101001001001
00111011101101110000110101011000
11110100001100001001010101000001
10011001010011101101010111001001
10001101111011010000001101101110
01110110001000001000110000110010
10101001111110101100101111000000
11010110110000110110111000000001
11011101111110101010001011111011
11111111111111000011011011010100
10010110111011001000111011011111
10111110111100010111101000001100
00101000011101100111010100000011
10101101111111111111011010001111
00001010100110001000011001101010
10000011110100101111001110111010
00101110110000010111101100111110
00011011000000101111001111110000
11101001100111101100110000000011
10001111011110110110100101111100
11111010011010001011101100010001
11011100100000110111110101110010
10100101111100101001110100011110
01100110101101111011100000101011
10001110101111010000001000010101
01001101011010110110110100110101
11011111101001011101101110111110
01111100100101001100001001000111
00001000011011011011011011111010
11111011111000111111111110000111
10011000100101001000000011001011
00001010010110101110000001111101
10101110100010101101111111111011
11011001111011111100011110001011
10011001100011110111011101111101
00110111100001011110001011111110
11100111100110010110100001111011
10001011111101110010000011110001
10101011001000110100101010001110
10010110011111011001000110010110
01001101011101010101011111100101
11111110011011111001111001110101
00000000000000000000000000000000
00010001101010110001000000100100
11010110111001001111100001001100
11010100001000111111100111011010
00001110100111100010110001000110
10000111010110110101000011001111
10110100010010010111001010001110
11111111001011000010101001111110
10111001001101000001011010110010
00010011100011001110100100101111
11010110001110100100001010101100
10100111011001001101110100000000
11110001100011101101000011011011
10111101111100101110010011000010
00011011010101000101011011000000
11010011101111101101000000010111
00111011100110100100110011011100
01110101011000000010100101111010
00110011011011000111011000011101
00111110011011010111010000111111
01111000110001100100100000001001
00000110111011100110001010010101
11111101100001110000010101111110
11100011100001001110000101101100
11111100000111111110101000000110
11000000100100001110111111101101
00100011100010100001110001000111
00001110000110101111010101000100
00010010101111110011010011100011
10100011101110111111110100011110
01111011101001010000011100001101
10101010010110010111111100110011
00111101010011001010001001111100
10110011001111001010111011100001
11010001010101010100101011101100
11100100101101010001010111000011
01111011011001001011101100010010
10101110000000101011011000101101
11010000101010110010110010111111
10001010000101010111110100011111
10001100011111110011010001111111
11111101001010111111111100100110
11011111101001010000011010111111
00101011110001101001010110001001
11011101001000011100111000011010
11111001011101100110001011000101
01111001101100000110100111111101
11111100010110101111001001111100
01110110111000111001000110001010
00011101101110100101111010000010
01110000110100000110011010101111
00111100010101110000100110111001
01011010000000011010001100011110
11101001101111001000001001110000
01001100110000111101010000011100
01000110110111111011001101001101
11010000111111111101000110110111
01101100111110101010101101100001
11100000000011011101001011010100
00001000111111011001110101110001
11110110011101101101111111001000
11101010001111100001001111011111
10010010100111100010010101110001
01101101111111000011111110000101
10101111101010000101101001001011
00011011110100100101000111100110
10111110101111001110111111111011
01011111011001100111110110100110
10111011111111000111110010000100
01010000110100110111101111100111
11111000010111010101111101111100
11011111010101110110111001110111
00111010010000000100110001100110
11010000001110010010110101000110
11110101011001101111110111111011
11111100010100111011010011010101
10111001010110010100101000111100
10001001001000000001000111010101
11101011010010101011111111100100
10011100100000101001111010011111
00011001011110101011011111110110
00010100000011000011100000010100
01011111011100111001010000100000
11101010100011110010110100011111
11011010100110110011111100010001
00110011011100011000011110001101
01110010011010111010010111011110
10010000001011011010111101011010
11100010100110011100011101010101
00011011110001011000110010011110
11110100101111110001110100110110
11011001011010011000111101101000
10100101000110000001110110111111
10111011101010111111111000100100
01001010100110111101010110001010
01111000010101110110001001100000
00011001011001010010101010001011
01010101000011100001110110100001
00101001000101010010101100100111
01011100010010101100010001000010
11111101011011011010100001010100
10000101110001001001011001010101
11000111010001110111110110100001
01100111000011110100101101001110
00100101011101011110110011100000
10010111000000101110010101111101
00100110010000100011000001100001
00111101100101001101111101001011
10111100010101001010101111010011
10111010000101011111111100110000
00000011011111000111110100010110
10001110000101100110000001111000
00100101010010000101001110101011
10010111001001001111011101111011
11110111101100100100101101110011
11111011111100011011000000100001
01110101101010111011000101011101
10010111011010100101010101100001
11101110011000001011000010000001
11000000011110010001111011100001
01100010100100101010101011110100
10000111000100111010001110110100
01001011011101111000110011110110
10111011111111111011001011001110
01110100010100011111111000001111
11101101001000101000000101110101
00101100001011001000110000101101
00011000001111100001001110100010
11010011110111000110100110001110
11101110001110011000101010001100
00101100100000110010111010100111
01111100111111101111110111000001
11001110100101001010011110111111
11100110100101111010001000111101
10111001111111110010111011011010
10010010100100100100011010010001
00110110010011111010011000111001
00001100111001001101111010011100
10100111110110000010101011001001
11011001010000110111001010010101
11011110000011011011100000101101
00101010110101000111110011110010
10011010001101100011111110010011
11001011110111011001011110110001
01110001000101111011100000111000
10101001000010111001111000100011
01001010011010100111110101011001
10011100110100100110100111110111
00111111100010110000010011001111
00010111111111100111101100011110
00101111110111101001101111010111
00001011000000001111001000010001
00101010110111001011011001011110
11111010001110110101011110100110
10010000100011001011001110111110
11111110011111011000001101101110
00100011110011000011111101111011
00010110101100010110011001000110
10011111110011000010001101001011
10000010111000000110111001110001
10010001010110011010110011110011
10111001101000100001110010111011
11111010110001110010110100000101
11011110001111101010100110010010
01001101001000011111001010011111
00110000001101000110011000000110
01010101001111101001101010111111
01001111000111001010010110000011
00111010001000111110010110001101
11100111101110100011001010000111
10010011001100111011100000011011
01000101111010001010010100100110
00101100001101101110010111101010
00000101111011011100100001110110
00001011101010100000100100110000
11001101011101011100010101001001
11010110101010001111111011010100
01000000010100010111011111000010
01011000101101010111111100010110
11010010110001101110100100110100
11000111111111111101001110111011
01000111110111011001110101111100
10011001010111011111100011111000
10000110010101011001000111101101
11110010110111000100010110111011
01000101000110001001101010111101
00101001111110011001000011111000
11010100100000111111100001110001
10010110111111110000100010101001
00101001011111100001001010010010
00011010000101010100101110101010
10001011001110100010100111011100
10101100101111001011100011101110
01100100001100100110010110001111
01110111111010111110101001011111
11110100110101111000100101100011
01011100011011011011111101111001
10101000011011101111000111100110
11000110101001100110000001000101
01101010011000001101100011100011
01101100111110010111110100010010
01111111111101101100101100101101
01011111111001111011100100001011
11001110000100110011010111110110
11011111100101101001101010010100
00011100100100010101011100000111
01101010000111001111000111111100
10000001011000000010111001110000
11001011011011100000110110100010
01110011111011000011100111011111
11001010111110100111111001000111
10111011000111010110011110010110
01000011101101010001100001001101
01111011100101001001000000111111
01100100110100001001100101000001
00010101011101011011101001111100
11010011000000110101101010000101
11101110101100111111101000111111
10010111101101001100110110001000
01000011111100010011100111111101
01111000101000100000001001111010
00010100110101101100011101010011
00010100000011000110111111110110
11000100110000110111001100101011
00111001001100111100000110111111
11101010111110000001011101001010
11100110010010011000010001100011
01110111100111011000011000101101
10111111011101100010110101100010
01000001011011011110001101001011
01010010111111100110011011110111
11111110011110011011101011111001
00101010011100011001001101110111
11111111011011100001101011100111
11000001011000101100110000111000
10010000100101111001111011101000
10001000101011011100111001011110
01000010010100011011001110010100
00100011011110111001000100100101
00010000000110101111010010010011
11000010011000010101001000110100
11110110110000101010101110111001
01101101010000101101110001100010
00011000010101001101011000001100
10111010010010010100100001011101
01010010010110100110000100111100
01100001010000111110010100000001
11011011000100110100001111110101
11110001011100011110011111001101
01000010011000111111011100110000
10011110101011111011011001111110
10111111101010111010000110110011
11101011010101011101101000101111
10100111010001100100111001111100
01011111001001110010110101010000
01001110110001010011101101100110
11110110000110011111000011110101
11001011100101001111101100111011
11001111010111000101010010110101
01001111010111100011100101101111
10101101101101010100110101011100
00100001001101110111000111010101
10110101111001110101001100011110
01000110101001011101010111000111
01110101101001000110101010011101
11110011100101001010001000001110
00110111111100011011111010001011
11010100000010000001111000100000
11011011000101000110101010000001
10011001110010010010101000000111
01101111100000101000011110010000
11110010110010110101110101001011
11000001100100001100011110101100
01101010111000011110110100101010
11111110110111111001110111101011
01101100000111010101110001000000
11110001010011101100011100100101
10101111100001000000111101011010
01110101000101011001001001000100
01111101100100110110001101110110
01011111110110010100100100100111
10001101010101101100000001100111
01001000111111011011010110100110
01011001100001000101111011111011
00101110101001011101010000000110
01101001111100010101110100101001
11010100101100101001001001111100
00111111011010011110110110010011
00100011001010010001101010111001
00111111000000111101111100011010
10100111101100100111100011100111
11100110000000111111001100111111
00101110011101110000010110101111
01110010110000001101101001101100
11101110110010010110101000101010
10111001110110010100010001000110
00010001100100010110110011111011
11111111110000000111011110101110
10101001011101011110111110110101
01101110110101011111011100110010
01000010001111101100111111101010
11101100100111101010001010011010
01011000001001000001111000110100
01110110010110111001111001110010
01011011000110110111110110111110
11110110101010110001010101100010
10110111010100110100111001000101
11111000010110111001101111000111
01011110111011001101111111011101
10010111100111101001110010010001
01111010100100111111000111100010
01100110011100110100000111101001
11010110101000000110001101011011
01100001101011110100100010100100
00110010011111111010001010110111
01010100110110000111100110010110
10101110110111011101010111110010
01000000001100011010111111001011
00011110101101000010011100100000
01101011111011001101111011010001
11011111110111001110011010101110
11101010101010000111100111010000
11001111000011001110111100100110
00101111000001101010111100000110
11101110011111011111110110011011
01000110101000011011011001001111
11011010011010011001010001110000
11101101011100101101001100000010
11011001110000110011000011011001
10101011100011001111111010111000
11010101101111101000010000111010
11110100010101101101101001000000
00101110011001110001011100010101
01111001100110111110001000001100
00101000010000011100010010111011
00000111001111101001011001001100
10010101111100001110010010100011
01100001010000111001010101001001
00000101101110010100011111000011
11110001110110110010101001111100
00000100001011001001101111000011
10000101111111010100111001000111
11000001111011011000000101110001
11000001010101101000001001111100
11010000001000000110000000010010
11000010100110110101111010111111
10111011010101101000010110001001
01110111001000000100111100010111
10100011110100110100110010011000
00010111101010111000111100111010
01001001011001111000110101011000
01011101100101011000110000111011
01000100011101010111001101110111
00000111001010011011000000011101
00001111011101001110001101011111
00100000010010111101011100011101
00011011101100011111010110010000
10011100111101111000101110101100
00000011010100010011100001010111
01111100001111001111111110111010
11011011110011101100100011001001
01010000011001110111101011000010
11111101011010110100100010011101
01011101011011010010010111011110
11000101111011000110101001101101
11010111000000110110001111011100
00101010111001011001100111001000
00011110000011100000010110111011
00000110001110000101000011110001
11011001011100000110011100111100
11100011111101001111111000000001
10110111011011011111011110110011
00010000101000000101100100010011
01011111110000010110110011010101
01011110010111000100100101111101
00010110010101011101011000010100
10000001010000011101111000010001
00010100110001110010100111000111
11010111111100000101000100011110
00100001110010000100101010001101
11101001010100111100111101101001
00010100101010010101111100011000
01110111110100011100001110100111
10011111010010001110100011011100
11011111111000111011010000011101
10010111110001100010010101010011
10011111010101111001001000101110
11011011000110101001001011001011
10110111010010011110111100101110
00000010100011100001111101011011
00000000010100010001111001110111
00011101000010101010000011011010
00111110010100000011101100100101
01111010010010010110001101001010
01101111011101101001011101000011
00011000111010010000011010000011
11010111000001100111010111100101
01110100010110100100001011011110
01011101011001111000100011110001
01000000000101000101000000001000
00101001101010001011011111100000
10100101111101100011001111100010
11111111100111111111110110010111
11001011010101101000111000000101
11011111110000110110101111101001
01011111000011101100101111011010
01001101000010011101110101000111
10000111001101011110001110101100
11111111110111011110111101010101
11010111100000100000001100101001
11101110110010000111110110001110
01110111100110100111001011000101
10100011111000111101110111001101
10001100010101101011111101101101
10100100111110101110011101101100
11110110101111010111110011111101
01100011001010111110100010011001
00110011001101001000110001000100
00000011000001001111110110101110
11110111100001101010101111011111
00000010011001110011011101111001
11001011111111010110111100110011
00101010001110111001001010011011
10111001110110000010000001011100
11111001101001010011100101011110
00100100010011110011001010100010
00110101100001100100101000001010
10001000100111011011001001010101
11011111101011000010111011011001
10010001001110100110000110000000
00010100100011110110001010011100
11100101100011001011111011001001
11011111111010100100000000110111
11010011000101011011101101110101
10010010111011010011111111000111
01110110010101110100000111101001
10111001111110101100110111010011
11111001000101110111110101100001
11000000010001010000011101110011
00001010101000110000101111111011
00100001001101000111010101000010
11111100110111011101111010000000
11001011010011010011111111110111
10000111001000000010101111011111
01011100011110111110011000001111
11010110001001001100111110101000
01011011001001100010010010101000
00100010011111011001100110101100
01101110110110111000001111011011
11100010010100111001101100001011
11101111001000011100110111111001
11000010100110111101100111100001
01101100100101010100100110000001
10000010101001001001100111001100
01011110010111000100010010010110
01001001111011101000010000001111
01011111111110110100010010000000
01001110101111111111111010110101
11011111111000011001111101001001
11010111110111101111111111111001
10100101111010010101010100010011
10101110111110101001011011100011
01011001001101001000110001010111
11100100000101001111111110100100
00110001010001001001110111110111
11001001011001011111100110111101
10011010111101100010001011110110
00110110101111111001001010011100
10111110000010111110100010111010
11011110000011010101100011010111
01110010000011011101101001100111
11100000100110111110001011110100
01110101011010010010110010110011
10101001100100001011110101110110
10110011011011101101101100011000
01010111001101111100101010111111
00010111001100011111001111010101
11111111101100111011000100010101
00110110110100110110100110100100
00000101101100101100111001010111
01011111110111100000001101111111
01011000110111101110011101001110
00111110111000111001101100111010
00011101010101011010011000011100
00000110100101111111001010100011
11100111011100000111111010011101
00101001111111101010111100010110
11111101010100101100001100100010
10101010001111111100101110101000
00111111111101000110111011100010
11000010101111011011110111001011
11100101001011111111011100100111
01010111001010111111011101000100
00101101101000001101111110101110
10100001110101001011001111001101
10011011001111001011011111000111
01001001110010001100101110010010
10100111100111000101001100001001
11010111101011111100010111001011
11110001010110010001100111111100
11001011001001011100100010010111
11111011110111100010110101111101
11100110011111101101100011010000
10001110000110000110100100000000
01110001101110011100011101010000
00101011100110001000001011100100
10111111101010100011010110010010
01011011111011010111001111011111
11000110001010011111110001011100
10110011110100011111010001000011
00110110011100110100101011011010
00100000010000000100011010110110
11000001011001110110110001101110
01000110110100101001111011010101
00001110111100011111011111111111
01001100000101110111011111111100
10011111101101011010101011101100
10001010001110010111011111110111
01000001110101100111101110010111
11001101110011110111001101101000
01010100000011011010011011001000
00010110111101111111110111110011
10000100000101110111001110111101
00101010100011101100110000100010
11100001101001011100111110010010
10001000100111000110010011111110
01111010101110101110001101100000
00101010111100000110100011010010
01010000110100001011001110000010
00110010011010011101100001011111
00010111101001100111100000111011
10100011110011100111110100101100
01111011100101100011000101101010
11101100101100110101010101110111
01100100101001111110011111101001
11101111001011110111101000111111
00010100001101001100001101011101
01101011111011100110001101010011
01000111111000101101111100100100
10001111010110000101111001110010
11010100001100010110010101011011
00111011101101011110000000000000
10101100110101110010010111110101
00011111001110111010010110101100
10110111101001001110111101010011
10001110100110100010110001010100
11110110110000000111011100100101
11111010001110001001111011000010
00001010100011111001000010110101
10011011001111101000111111100010
00101111001100110001011100111010
01110011111110010101001110011000
01110001111100100100111100011110
11110101010001001100001001101000
10110111011111111010111100100000
11101110001111100001011000111001
10001010010001000110001000110001
01110101000101011111101010100011
11011011100011000010011001010101
11111111011001110011011100111000
11110110110011101000011111000110
10010100111101110100110001100011
01111100100101000100011101111101
10101101110011110101110111101110
11001111111100011100101110000010
11010100001111011011010010101010
01011111101101111001101001011010
11110010001111001101010000100011
00101100001101000101100011100100
01000011001100100110100110111010
01111101110011110111111001100001
00101000011001100100110011001111
01111100011001111010101001101011
01101001101111000111111000001110
11111000011010101001111100100110
10100001010100010101101100111101
10101110011101010011100101110010
00111101101011101111000111101010
01111010010000101110000000100111
11110110010100111001011000111100
00011111111011111111101100001100
10011111010101101001101111101001
10110011100001010011010111100000
01100000001000001010111100110111
00001111001111111111101110001001
01010101001001001101100011110110
00000100101101001000010110110000
10110001110100010001001001000111
01100011111110100000011100011011
00010101100010011100001101001101
00111111110110111010000011101011
10001101001101101000100001001010
00111101101010100101110010111111
11101000000001111100010010100001
00000111011110001101101011111001
01101100000111000001001100101101
01001101011101110001000011100011
01000010000011011100111001011101
01101010111011111110110110000111
01000100011100101011100101101111
10000110010110100111010010111010
00101011110001111100010001011101
11111001100100001010110000101111
01100110001000111010110001100100
00110101000110010110011100101011
11111010000000001110101100111011
01011000100100000001011100010111
00111001100010000001110111010101
01111011100101110101010101001111
10100100001001101100001101111100
00001010001000100000011000100110
11010000011001111010101001000101
01100110100100101101001110001100
00101001011000101100011101110101
01110110000001000001111100100000
00111100001100111110110000101000
01010011001001110110111111011100
10110101001111101100100001101101
11110000010100000111001010000011
00110011111111011011001010100010
01000101000111110101011001111011
00011100001001110011111111101010
11111001111111111101001101100101
01010001111001111101000101100111
01111011010101110101101101110111
00111010001001011010011100100000
00111000111100000110001100110010
10100011111010010011111101011101
00110001001110111110110101010111
01010111101010100101001111111000
10011011001100111110000101000101
11011000100100000110011000100101
11100011110010110111101101010101
01110000101000110010110100101100
00001011000100001110110100010100
10111101111010101101010110010101
10110111100100111111100001011001
10101111010111011010001001011011
10111010010110111100111101000100
11111010001000000111111101000110
10111111101110110001010011011100
10011111111001011110001011010011
11011000011001111111000111001101
01010101011111111110110100101010
10110010001001100001100110111100
10001011110100011000111001100010
11011101110100001101111011110001
10100000100100010111100110011101
10110001010001010011001100010101
10000011100111101101010110011101
11100110001000010001011110101100
00101111100100001110000110001101
01001011110111110111101011000111
11111101101111010110101111111110
01100111101000101000001101100101
01010011010111011000010111001000
11100001001111110011111000110111
11101000110100000111011011100111
01101110000010011100010001111001
11111111100110110100110111100011
00000100001010111010101011111100
01110010011101101100111111110111
10111100110110001000010100111110
11111100101001001100101101100010
00101110000101110111001111011111
10100100001000101110110110010110
11010010110000001110111001110001
01110110111001010111001000111001
00101111110111000011001011001011
11110001010110010011001110100100
01101000100110111001011110000001
00101101010000111110001001101111
11111100001001101010100000011000
10010110110111000111101010100011
00100011010001011000111101000000
10000110010101011110100010110011
11110011000111111110111100101111
11010010001010001111110110001100
10111111010010000110110001110001
01110110110111101111110011101001
11000000111100101011101111001101
00111001010100100001011001011101
10100001111100011010001101111110
00101101001110100110001011001110
10110100100111101010111101010001
10011110111001011011111111100000
11110101011001110110011101010011
00011001111110001111000001111011
11001111000101111101011110110110
11111101111100110101001100001101
11001110011111000111010011000110
00011001011110000111110000001101
01101101011111000010011011011110
01101101000010101111101110010110
11001001011101100110011101000101
10000111100001110100110110000001
11000101001011011011000110101111
11111110110010001010101111111000
01011111100101011000110001111111
11101110011001111110010001111111
01010000101111000000111100001110
00111101000001011111101011010111
01110010011100000011011000110100
10100010100011010011011100100000
11101001011001000110101010011100
11101011011100011011111111111111
01011001111000111101111011110010
00010111010110000011101010100000
11110011010011111110010111110101
01111110100100011111110011111010
11110100110000001111011110010100
10100010000111110101000110100110
10111010110101010111000111010110
11001001101000111101110010100011
11110101110111101000101100110100
00000001010001111010011101011100
10110000001110000001100110010111
11001101011000011100010011110010
01111010101000110000100100110010
11000111011110001011101101111111
10000001111100010000110111111101
00101100001010000001000111001000
10010000010111111011111011001010
10111110110011111011001101111001
00000100010101001010100110110011
10101101111010010001000101111001
11111101010100101010000101110110
00111001111001001010001010010010
01011011001000000010011111001110
00111110010011011001011010000011
01110010111101001100101011001001
01010101011110101111101001010000
10010101110011100110001110000110
11100000001011101011110011000111
01111100101111101111001110100110
01100001001101111110110110110011
01011110110110010010000110011011
10010001101010111011000110110110
10100001000101000001111010010110
10111000110010101000000100001101
01010000111111111110010010010111
00001111110100011000111100000001
10000001100110001111100010011010
11111101111011010001000001001000
11101101000000110010010101111001
10111100000100100100000000110011
00100111110101100100011000001000
01111100101010001110110011110010
01110100011000111001101111100100
11111010011000100100111001110010
01011000000001100111000001011111
00010001111101110101110010110011
01101110100000011001000110001001
10001100100011110110010101110011
01110110110111101010001101011010
10000001010011110100100110000110
01101110010011010000110011010110
11011100000110010101011000101010
11011010110010001100001101110100
00011111000100110111101100110011
01111001001110010111101000000101
11001001011010101000100101111100
01010001111100011101101111010101
01011100101111110111110111010100
01010110100110010101001100101100
11011001010110111101001111100101
10100011110010000100001100011011
00111101100001111100000000101001
10001000111001100101110110101011
